0.0082836367 0.0058561401 0.0010160892 0.0001227171 0.0027833629 0.0023676157 -0.0015545268 0.0040013403 0.0022009801 -0.0015340815 -0.0006508075 0.0022509565 -0.0044845564 -0.0034074525 0.0010830134 -0.0001923570 0.0006959344 0.0000494591  
0.0058561401 0.0063971966 0.0005367053 -0.0003023227 0.0010410676 0.0013394362 -0.0018932934 0.0027528672 0.0023298677 -0.0015846356 -0.0008134015 0.0016576927 -0.0063814599 -0.0038929486 0.0013168814 -0.0004202186 0.0010350984 0.0001532564  
0.0010160892 0.0005367053 0.0023205724 -0.0003950167 -0.0009493824 -0.0000935168 -0.0006724085 -0.0011139847 0.0001864794 -0.0004367785 -0.0000734757 0.0008344924 -0.0019398825 -0.0000350136 0.0003075950 0.0000903334 0.0003820371 0.0000911495  
0.0001227171 -0.0003023227 -0.0003950167 0.0021335510 0.0007891950 0.0007159436 0.0005217536 0.0009652835 -0.0006764524 0.0002326260 0.0009681074 0.0005570070 0.0014347631 0.0001565188 -0.0003807569 0.0002220100 -0.0003898551 0.0000334352  
0.0027833629 0.0010410676 -0.0009493824 0.0007891950 0.0057334883 0.0031578487 0.0001876407 0.0061978976 0.0007172315 -0.0007214768 -0.0012886837 -0.0001585593 0.0039882114 -0.0013505087 -0.0004476733 0.0004916081 -0.0006394216 -0.0005262888  
0.0023676157 0.0013394362 -0.0000935168 0.0007159436 0.0031578487 0.0025939168 0.0002623438 0.0039594996 0.0003291296 -0.0003833040 -0.0003817149 0.0003131945 0.0014237258 -0.0016363761 -0.0003845514 0.0002539641 -0.0001818925 -0.0003000105  
-0.0015545268 -0.0018932934 -0.0006724085 0.0005217536 0.0001876407 0.0002623438 0.0013255227 0.0000094035 -0.0012281039 0.0010014037 0.0006892989 -0.0006233108 0.0025620422 0.0005940777 -0.0007704619 0.0001387585 -0.0004225964 -0.0000963484  
0.0040013403 0.0027528672 -0.0011139847 0.0009652835 0.0061978976 0.0039594996 0.0000094035 0.0079103325 0.0011751188 -0.0007747471 -0.0010914611 0.0003019746 0.0028623065 -0.0028674671 -0.0004169765 0.0004169891 -0.0004295710 -0.0005704455  
0.0022009801 0.0023298677 0.0001864794 -0.0006764524 0.0007172315 0.0003291296 -0.0012281039 0.0011751188 0.0020761556 -0.0013318496 -0.0011466478 0.0005688212 -0.0021149151 -0.0007969966 0.0009069198 -0.0002319605 0.0003548884 -0.0000253719  
-0.0015340815 -0.0015846356 -0.0004367785 0.0002326260 -0.0007214768 -0.0003833040 0.0010014037 -0.0007747471 -0.0013318496 0.0017053044 0.0014453094 -0.0005444836 0.0015650587 0.0006125311 -0.0009012485 0.0002122969 -0.0002575507 0.0000912626  
-0.0006508075 -0.0008134015 -0.0000734757 0.0009681074 -0.0012886837 -0.0003817149 0.0006892989 -0.0010914611 -0.0011466478 0.0014453094 0.0020473874 0.0002997212 0.0003071639 0.0003829838 -0.0007701399 0.0001693215 -0.0001260181 0.0002405808  
0.0022509565 0.0016576927 0.0008344924 0.0005570070 -0.0001585593 0.0003131945 -0.0006233108 0.0003019746 0.0005688212 -0.0005444836 0.0002997212 0.0015444119 -0.0023224294 -0.0007772154 0.0005433963 -0.0001328818 0.0002961166 0.0001104543  
-0.0044845564 -0.0063814599 -0.0019398825 0.0014347631 0.0039882114 0.0014237258 0.0025620422 0.0028623065 -0.0021149151 0.0015650587 0.0003071639 -0.0023224294 0.0139612705 0.0043102412 -0.0025467316 0.0010130961 -0.0019560572 -0.0004389706  
-0.0034074525 -0.0038929486 -0.0000350136 0.0001565188 -0.0013505087 -0.0016363761 0.0005940777 -0.0028674671 -0.0007969966 0.0006125311 0.0003829838 -0.0007772154 0.0043102412 0.0052377621 -0.0001826632 0.0002782059 -0.0005248986 0.0001733589  
0.0010830134 0.0013168814 0.0003075950 -0.0003807569 -0.0004476733 -0.0003845514 -0.0007704619 -0.0004169765 0.0009069198 -0.0009012485 -0.0007701399 0.0005433963 -0.0025467316 -0.0001826632 0.0018140032 -0.0001542356 0.0004529646 -0.0000291866  
-0.0001923570 -0.0004202186 0.0000903334 0.0002220100 0.0004916081 0.0002539641 0.0001387585 0.0004169891 -0.0002319605 0.0002122969 0.0001693215 -0.0001328818 0.0010130961 0.0002782059 -0.0001542356 0.0002911323 -0.0001351006 -0.0000402892  
0.0006959344 0.0010350984 0.0003820371 -0.0003898551 -0.0006394216 -0.0001818925 -0.0004225964 -0.0004295710 0.0003548884 -0.0002575507 -0.0001260181 0.0002961166 -0.0019560572 -0.0005248986 0.0004529646 -0.0001351006 0.0004063041 0.0000398638  
0.0000494591 0.0001532564 0.0000911495 0.0000334352 -0.0005262888 -0.0003000105 -0.0000963484 -0.0005704455 -0.0000253719 0.0000912626 0.0002405808 0.0001104543 -0.0004389706 0.0001733589 -0.0000291866 -0.0000402892 0.0000398638 0.0001799051  
0.0014791250 -0.0002974819 0.0001859641 -0.0001972354 0.0002452986 -0.0024425049 0.0026172374 0.0005549334 0.0001381935 0.0004424995 -0.0007823276 0.0005672930 0.0001488301 0.0001111893 0.0015504241 -0.0007622209 -0.0001995971 -0.0000303296  
-0.0002974819 0.0091363493 -0.0003555394 -0.0013559090 -0.0042669990 0.0001635508 0.0005289243 -0.0001475166 -0.0005982417 0.0005344526 0.0005406743 -0.0002992141 0.0058076839 -0.0032589074 -0.0003154132 -0.0000434596 0.0023165314 0.0014927394  
0.0001859641 -0.0003555394 0.0009003539 0.0000778698 0.0001367915 -0.0005387153 0.0006483737 0.0002279698 0.0001017005 -0.0002912840 0.0002478529 -0.0000102939 -0.0003826757 -0.0000983383 -0.0013306820 0.0000995651 -0.0001002791 -0.0000491675  
-0.0001972354 -0.0013559090 0.0000778698 0.0024007773 0.0017547166 0.0000770390 -0.0011913604 0.0001035478 0.0005204447 -0.0000370660 0.0000439410 -0.0001314633 -0.0013542283 -0.0029433900 -0.0000131516 0.0003743296 -0.0008671444 -0.0003139967  
0.0002452986 -0.0042669990 0.0001367915 0.0017547166 0.0029075268 -0.0004250554 -0.0004868663 0.0002781629 0.0006376518 -0.0002931948 -0.0005193528 0.0001710086 -0.0022780968 -0.0012753538 0.0006324436 0.0000854914 -0.0013956757 -0.0008317782  
-0.0024425049 0.0001635508 -0.0005387153 0.0000770390 -0.0004250554 0.0067239879 -0.0062301239 -0.0017021899 -0.0004391081 0.0004467597 0.0000187162 -0.0004706261 -0.0000644230 0.0005452408 0.0006244653 0.0005879143 0.0002933038 -0.0000471606  
0.0026172374 0.0005289243 0.0006483737 -0.0011913604 -0.0004868663 -0.0062301239 0.0074410304 0.0015726601 0.0001395574 -0.0003027025 0.0000506207 0.0005585041 0.0004933623 0.0008482956 -0.0007634333 -0.0007349630 0.0001900542 0.0001920182  
0.0005549334 -0.0001475166 0.0002279698 0.0001035478 0.0002781629 -0.0017021899 0.0015726601 0.0006183787 0.0000332758 -0.0000184146 0.0002942003 0.0000049493 0.0002453100 -0.0008206492 -0.0006001111 -0.0000337340 -0.0001121739 -0.0000474085  
0.0001381935 -0.0005982417 0.0001017005 0.0005204447 0.0006376518 -0.0004391081 0.0001395574 0.0000332758 0.0006430850 -0.0004128456 -0.0003680630 0.0002023938 -0.0000528110 -0.0005626477 0.0001043694 -0.0000914977 -0.0002764147 -0.0001546429  
0.0004424995 0.0005344526 -0.0002912840 -0.0000370660 -0.0002931948 0.0004467597 -0.0003027025 -0.0000184146 -0.0004128456 0.0026383284 -0.0011468441 0.0004654908 0.0003186703 -0.0003794190 0.0043874220 -0.0011582743 -0.0000207343 0.0001065149  
-0.0007823276 0.0005406743 0.0002478529 0.0000439410 -0.0005193528 0.0000187162 0.0000506207 0.0002942003 -0.0003680630 -0.0011468441 0.0034996339 -0.0015034935 0.0006809023 -0.0001008204 -0.0062836536 0.0019210836 0.0004264274 0.0000392426  
0.0005672930 -0.0002992141 -0.0000102939 -0.0001314633 0.0001710086 -0.0004706261 0.0005585041 0.0000049493 0.0002023938 0.0004654908 -0.0015034935 0.0009543739 -0.0001927687 0.0004921826 0.0024921641 -0.0011186956 -0.0002435617 0.0000245693  
0.0001488301 0.0058076839 -0.0003826757 -0.0013542283 -0.0022780968 -0.0000644230 0.0004933623 0.0002453100 -0.0000528110 0.0003186703 0.0006809023 -0.0001927687 0.0209248779 0.0037921334 -0.0004230275 0.0001216133 0.0012137462 0.0013107245  
0.0001111893 -0.0032589074 -0.0000983383 -0.0029433900 -0.0012753538 0.0005452408 0.0008482956 -0.0008206492 -0.0005626477 -0.0003794190 -0.0001008204 0.0004921826 0.0037921334 0.0208802066 -0.0001590264 -0.0003154616 -0.0004336517 0.0008608777  
0.0015504241 -0.0003154132 -0.0013306820 -0.0000131516 0.0006324436 0.0006244653 -0.0007634333 -0.0006001111 0.0001043694 0.0043874220 -0.0062836536 0.0024921641 -0.0004230275 -0.0001590264 0.0178645396 -0.0032408571 -0.0004698293 -0.0000976594  
-0.0007622209 -0.0000434596 0.0000995651 0.0003743296 0.0000854914 0.0005879143 -0.0007349630 -0.0000337340 -0.0000914977 -0.0011582743 0.0019210836 -0.0011186956 0.0001216133 -0.0003154616 -0.0032408571 0.0021763752 0.0002203408 -0.0000744752  
-0.0001995971 0.0023165314 -0.0001002791 -0.0008671444 -0.0013956757 0.0002933038 0.0001900542 -0.0001121739 -0.0002764147 -0.0000207343 0.0004264274 -0.0002435617 0.0012137462 -0.0004336517 -0.0004698293 0.0002203408 0.0009963935 0.0002005146  
-0.0000303296 0.0014927394 -0.0000491675 -0.0003139967 -0.0008317782 -0.0000471606 0.0001920182 -0.0000474085 -0.0001546429 0.0001065149 0.0000392426 0.0000245693 0.0013107245 0.0008608777 -0.0000976594 -0.0000744752 0.0002005146 0.0005432721  
0.0039868485 0.0042867290 -0.0006121674 -0.0000757463 0.0003721745 0.0002361156 -0.0010392494 0.0004491415 0.0012210393 -0.0014335204 -0.0003794006 0.0010448771 -0.0012319620 -0.0017795957 0.0008238014 -0.0004994679 0.0005821389 0.0004203340  
0.0042867290 0.0138445589 -0.0015478921 0.0004535515 -0.0021824422 0.0013775985 -0.0015101123 0.0066137811 0.0022829014 -0.0031463515 -0.0008604458 0.0023286998 -0.0014151046 -0.0046965367 0.0016160465 -0.0009454658 0.0017866048 0.0017941302  
-0.0006121674 -0.0015478921 0.0011050583 -0.0001293671 -0.0000589961 -0.0001795015 -0.0001247600 -0.0011285207 -0.0008008138 0.0010015185 0.0007289962 -0.0002709964 -0.0000747822 0.0003407254 -0.0006977100 0.0003091067 -0.0001222063 -0.0001247146  
-0.0000757463 0.0004535515 -0.0001293671 0.0009597435 -0.0000228141 -0.0003068113 -0.0003353149 -0.0003891939 0.0001026546 -0.0006099925 -0.0002674221 0.0003246495 -0.0024819977 -0.0007797246 0.0005391244 -0.0000826702 -0.0000566580 0.0000613202  
0.0003721745 -0.0021824422 -0.0000589961 -0.0000228141 0.0014443908 -0.0001070159 -0.0001309062 -0.0005100747 0.0003418322 -0.0002795682 -0.0005934165 -0.0006365974 0.0008728211 0.0002204497 -0.0000107654 0.0000581679 -0.0003954222 -0.0004998061  
0.0002361156 0.0013775985 -0.0001795015 -0.0003068113 -0.0001070159 0.0006375413 0.0000394173 0.0017450422 0.0004037547 -0.0002807393 -0.0002429045 -0.0000697235 0.0016732829 -0.0003603597 -0.0001347638 -0.0000649721 0.0001894426 0.0001129307  
-0.0010392494 -0.0015101123 -0.0001247600 -0.0003353149 -0.0001309062 0.0000394173 0.0009811514 -0.0001538347 -0.0004401287 0.0008054912 0.0002413522 -0.0003131637 0.0017754832 0.0012234183 -0.0002396850 0.0001096204 -0.0002217971 -0.0001168937  
0.0004491415 0.0066137811 -0.0011285207 -0.0003891939 -0.0005100747 0.0017450422 -0.0001538347 0.0084865299 0.0018968900 -0.0012443228 -0.0010187829 -0.0001176977 0.0073034761 -0.0016955691 -0.0000798316 -0.0001675423 0.0005624034 0.0006914292  
0.0012210393 0.0022829014 -0.0008008138 0.0001026546 0.0003418322 0.0004037547 -0.0004401287 0.0018968900 0.0015332779 -0.0015404958 -0.0010094144 0.0000996596 0.0006590189 -0.0007136794 0.0006135134 -0.0003045786 0.0001804740 0.0001587129  
-0.0014335204 -0.0031463515 0.0010015185 -0.0006099925 -0.0002795682 -0.0002807393 0.0008054912 -0.0012443228 -0.0015404958 0.0028488743 0.0018544949 -0.0003209892 0.0033897081 0.0020633447 -0.0014062145 0.0005522772 -0.0003981453 -0.0001194720  
-0.0003794006 -0.0008604458 0.0007289962 -0.0002674221 -0.0005934165 -0.0002429045 0.0002413522 -0.0010187829 -0.0010094144 0.0018544949 0.0016702004 0.0003615955 0.0015934205 0.0012605471 -0.0009099457 0.0003076888 -0.0000715822 0.0001877162  
0.0010448771 0.0023286998 -0.0002709964 0.0003246495 -0.0006365974 -0.0000697235 -0.0003131637 -0.0001176977 0.0000996596 -0.0003209892 0.0003615955 0.0010702611 -0.0015506179 -0.0005154067 0.0004778444 -0.0002132975 0.0003184097 0.0004243138  
-0.0012319620 -0.0014151046 -0.0000747822 -0.0024819977 0.0008728211 0.0016732829 0.0017754832 0.0073034761 0.0006590189 0.0033897081 0.0015934205 -0.0015506179 0.0216929922 0.0053371504 -0.0030779810 0.0008251965 -0.0007890701 0.0002190713  
-0.0017795957 -0.0046965367 0.0003407254 -0.0007797246 0.0002204497 -0.0003603597 0.0012234183 -0.0016955691 -0.0007136794 0.0020633447 0.0012605471 -0.0005154067 0.0053371504 0.0056937895 -0.0011446557 0.0004698501 -0.0007089983 -0.0000832416  
0.0008238014 0.0016160465 -0.0006977100 0.0005391244 -0.0000107654 -0.0001347638 -0.0002396850 -0.0000798316 0.0006135134 -0.0014062145 -0.0009099457 0.0004778444 -0.0030779810 -0.0011446557 0.0016528532 -0.0002750209 0.0001822013 0.0000943187  
-0.0004994679 -0.0009454658 0.0003091067 -0.0000826702 0.0000581679 -0.0000649721 0.0001096204 -0.0001675423 -0.0003045786 0.0005522772 0.0003076888 -0.0002132975 0.0008251965 0.0004698501 -0.0002750209 0.0002257284 -0.0001482859 -0.0000717055  
0.0005821389 0.0017866048 -0.0001222063 -0.0000566580 -0.0003954222 0.0001894426 -0.0002217971 0.0005624034 0.0001804740 -0.0003981453 -0.0000715822 0.0003184097 -0.0007890701 -0.0007089983 0.0001822013 -0.0001482859 0.0003925449 0.0001803027  
0.0004203340 0.0017941302 -0.0001247146 0.0000613202 -0.0004998061 0.0001129307 -0.0001168937 0.0006914292 0.0001587129 -0.0001194720 0.0001877162 0.0004243138 0.0002190713 -0.0000832416 0.0000943187 -0.0000717055 0.0001803027 0.0004236260  
0.0141979427 0.0012143578 -0.0023592399 -0.0017182035 0.0057675635 0.0030485004 -0.0023607722 0.0013179264 -0.0029484806 0.0029020052 0.0038239028 0.0029560333 0.0136126272 -0.0016544071 0.0014564694 -0.0009348640 -0.0009439920 -0.0003815902  
0.0012143578 0.0130219457 -0.0058212649 -0.0011498024 0.0038107218 -0.0005833089 0.0018067742 -0.0018560194 -0.0015880708 0.0029251919 0.0003873579 -0.0026471674 0.0059253508 -0.0036792602 0.0021508576 -0.0009938664 0.0009667159 0.0017697765  
-0.0023592399 -0.0058212649 0.0220285293 -0.0044915772 0.0002192274 -0.0010575327 -0.0043926911 0.0022530048 0.0003040475 -0.0009169882 -0.0009420612 0.0027620693 0.0063025098 0.0038251474 -0.0019828190 0.0014827648 -0.0006408239 -0.0008946576  
-0.0017182035 -0.0011498024 -0.0044915772 0.0037782824 -0.0022136336 -0.0006798133 0.0009817897 -0.0006978945 0.0012431487 -0.0011589362 -0.0012116699 -0.0018371875 -0.0087899967 -0.0015069416 -0.0010647112 0.0000219895 -0.0000452089 -0.0000245088  
0.0057675635 0.0038107218 0.0002192274 -0.0022136336 0.0066731944 0.0009554751 -0.0009961658 0.0004531005 -0.0018991407 0.0020030199 0.0020788170 0.0015484679 0.0136420001 -0.0005734698 0.0021787498 -0.0005114442 -0.0008099187 0.0002533032  
0.0030485004 -0.0005833089 -0.0010575327 -0.0006798133 0.0009554751 0.0013565657 -0.0003702780 0.0004540065 -0.0007625358 0.0008107924 0.0013852212 0.0014059757 0.0039243590 0.0006018907 0.0004681349 -0.0002367715 -0.0002291553 -0.0001118929  
-0.0023607722 0.0018067742 -0.0043926911 0.0009817897 -0.0009961658 -0.0003702780 0.0019895669 -0.0008078012 0.0005262707 -0.0004443619 -0.0007538245 -0.0014429183 -0.0041349429 -0.0010591881 0.0004232056 -0.0002433064 0.0004660679 0.0003028690  
0.0013179264 -0.0018560194 0.0022530048 -0.0006978945 0.0004531005 0.0004540065 -0.0008078012 0.0009262759 -0.0005137776 0.0004222687 0.0007671540 0.0016612392 0.0027263921 0.0006997516 0.0002679396 0.0000634112 -0.0003723213 -0.0002610224  
-0.0029484806 -0.0015880708 0.0003040475 0.0012431487 -0.0018991407 -0.0007625358 0.0005262707 -0.0005137776 0.0018598985 -0.0021389018 -0.0018384498 -0.0021330265 -0.0060649895 0.0003900186 -0.0014818338 0.0003374247 0.0001554071 -0.0001748411  
0.0029020052 0.0029251919 -0.0009169882 -0.0011589362 0.0020030199 0.0008107924 -0.0004443619 0.0004222687 -0.0021389018 0.0033252655 0.0023302926 0.0023870724 0.0077827636 0.0001029925 0.0020140711 -0.0004412691 -0.0001005182 0.0004916384  
0.0038239028 0.0003873579 -0.0009420612 -0.0012116699 0.0020788170 0.0013852212 -0.0007538245 0.0007671540 -0.0018384498 0.0023302926 0.0026030823 0.0029500492 0.0077517442 0.0006350040 0.0015373483 -0.0003467408 -0.0004101648 0.0000833864  
0.0029560333 -0.0026471674 0.0027620693 -0.0018371875 0.0015484679 0.0014059757 -0.0014429183 0.0016612392 -0.0021330265 0.0023870724 0.0029500492 0.0050020603 0.0083685085 0.0014815109 0.0018581075 -0.0000537171 -0.0006971623 -0.0003082603  
0.0136126272 0.0059253508 0.0063025098 -0.0087899967 0.0136420001 0.0039243590 -0.0041349429 0.0027263921 -0.0060649895 0.0077827636 0.0077517442 0.0083685085 0.0425168433 0.0054459897 0.0058825978 -0.0009577543 -0.0018481552 0.0007148013  
-0.0016544071 -0.0036792602 0.0038251474 -0.0015069416 -0.0005734698 0.0006018907 -0.0010591881 0.0006997516 0.0003900186 0.0001029925 0.0006350040 0.0014815109 0.0054459897 0.0073012567 -0.0002982386 0.0003537633 -0.0002763774 -0.0001402513  
0.0014564694 0.0021508576 -0.0019828190 -0.0010647112 0.0021787498 0.0004681349 0.0004232056 0.0002679396 -0.0014818338 0.0020140711 0.0015373483 0.0018581075 0.0058825978 -0.0002982386 0.0038059042 -0.0001397699 -0.0000832093 0.0002731622  
-0.0009348640 -0.0009938664 0.0014827648 0.0000219895 -0.0005114442 -0.0002367715 -0.0002433064 0.0000634112 0.0003374247 -0.0004412691 -0.0003467408 -0.0000537171 -0.0009577543 0.0003537633 -0.0001397699 0.0003443082 -0.0000416761 -0.0000953494  
-0.0009439920 0.0009667159 -0.0006408239 -0.0000452089 -0.0008099187 -0.0002291553 0.0004660679 -0.0003723213 0.0001554071 -0.0001005182 -0.0004101648 -0.0006971623 -0.0018481552 -0.0002763774 -0.0000832093 -0.0000416761 0.0005131973 0.0000337712  
-0.0003815902 0.0017697765 -0.0008946576 -0.0000245088 0.0002533032 -0.0001118929 0.0003028690 -0.0002610224 -0.0001748411 0.0004916384 0.0000833864 -0.0003082603 0.0007148013 -0.0001402513 0.0002731622 -0.0000953494 0.0000337712 0.0004400362  
0.0016604219 -0.0001350377 0.0005751207 -0.0002433473 -0.0001377644 -0.0019665660 0.0028428196 0.0006448726 0.0001820595 0.0005054304 -0.0007564783 0.0006220011 0.0000507978 0.0001215216 0.0004352435 -0.0010086548 -0.0002036809 0.0000755345  
-0.0001350377 0.0014133207 0.0000154971 0.0009011903 -0.0001459789 -0.0002036268 -0.0001412548 -0.0000207272 0.0000726449 -0.0004094751 0.0000827748 0.0001659174 -0.0041061803 -0.0006883015 -0.0006809328 -0.0000342789 0.0003611606 -0.0000317177  
0.0005751207 0.0000154971 0.0014581431 0.0002260684 -0.0000763993 -0.0010333805 0.0024392960 0.0006090372 0.0003018106 -0.0007562926 0.0008622536 0.0002621377 -0.0000282112 0.0004699653 -0.0030131942 0.0000842096 -0.0000882538 0.0001032330  
-0.0002433473 0.0009011903 0.0002260684 0.0021006915 -0.0001455682 -0.0001549889 -0.0002009271 -0.0002785956 0.0000358161 -0.0005145307 0.0003893998 -0.0000005379 -0.0025710265 0.0011532374 -0.0011721017 0.0002998625 -0.0001187645 0.0003266872  
-0.0001377644 -0.0001459789 -0.0000763993 -0.0001455682 0.0009254790 0.0003539644 -0.0003137651 0.0002625052 0.0002676296 -0.0003139792 -0.0002383412 0.0002150668 0.0018709565 -0.0013828476 0.0003207630 0.0000097638 0.0000341224 -0.0002978581  
-0.0019665660 -0.0002036268 -0.0010333805 -0.0001549889 0.0003539644 0.0039399084 -0.0048254322 -0.0011778545 -0.0002523537 0.0002352075 0.0000245362 -0.0006085395 0.0013632526 -0.0008621363 0.0018375184 0.0008871164 0.0002400707 -0.0002532335  
0.0028428196 -0.0001412548 0.0024392960 -0.0002009271 -0.0003137651 -0.0048254322 0.0091249254 0.0020096583 0.0007357878 -0.0009743651 0.0011220111 0.0012523354 -0.0003412130 0.0004123951 -0.0050632253 -0.0007316457 -0.0002878819 0.0002248449  
0.0006448726 -0.0000207272 0.0006090372 -0.0002785956 0.0002625052 -0.0011778545 0.0020096583 0.0007883560 0.0002074651 -0.0003531831 0.0002819864 0.0003064634 0.0007130596 -0.0006865558 -0.0013664972 -0.0002747166 0.0000083825 -0.0001227352  
0.0001820595 0.0000726449 0.0003018106 0.0000358161 0.0002676296 -0.0002523537 0.0007357878 0.0002074651 0.0005817452 -0.0004721812 0.0000138438 0.0003026112 -0.0002838122 -0.0007311268 -0.0007061825 -0.0000939724 -0.0000393374 -0.0000413456  
0.0005054304 -0.0004094751 -0.0007562926 -0.0005145307 -0.0003139792 0.0002352075 -0.0009743651 -0.0003531831 -0.0004721812 0.0026550071 -0.0018236857 0.0001235312 0.0016298747 -0.0004001073 0.0049327751 -0.0011270119 -0.0001812270 -0.0000310195  
-0.0007564783 0.0000827748 0.0008622536 0.0003893998 -0.0002383412 0.0000245362 0.0011220111 0.0002819864 0.0000138438 -0.0018236857 0.0032943972 -0.0007619601 0.0000697907 0.0001493946 -0.0061782639 0.0017600058 0.0000902420 0.0001117443  
0.0006220011 0.0001659174 0.0002621377 -0.0000005379 0.0002150668 -0.0006085395 0.0012523354 0.0003064634 0.0003026112 0.0001235312 -0.0007619601 0.0008421001 -0.0005340144 -0.0004726034 0.0006699968 -0.0007508800 -0.0000593233 -0.0000364506  
0.0000507978 -0.0041061803 -0.0000282112 -0.0025710265 0.0018709565 0.0013632526 -0.0003412130 0.0007130596 -0.0002838122 0.0016298747 0.0000697907 -0.0005340144 0.0193441090 -0.0004728029 0.0022703768 0.0002163196 -0.0007550806 -0.0006516525  
0.0001215216 -0.0006883015 0.0004699653 0.0011532374 -0.0013828476 -0.0008621363 0.0004123951 -0.0006865558 -0.0007311268 -0.0004001073 0.0001493946 -0.0004726034 -0.0004728029 0.0217843856 -0.0011101060 0.0003244829 -0.0004611888 0.0017754008  
0.0004352435 -0.0006809328 -0.0030131942 -0.0011721017 0.0003207630 0.0018375184 -0.0050632253 -0.0013664972 -0.0007061825 0.0049327751 -0.0061782639 0.0006699968 0.0022703768 -0.0011101060 0.0179660724 -0.0017640226 0.0000982536 -0.0004574134  
-0.0010086548 -0.0000342789 0.0000842096 0.0002998625 0.0000097638 0.0008871164 -0.0007316457 -0.0002747166 -0.0000939724 -0.0011270119 0.0017600058 -0.0007508800 0.0002163196 0.0003244829 -0.0017640226 0.0019887051 0.0001726908 0.0000338468  
-0.0002036809 0.0003611606 -0.0000882538 -0.0001187645 0.0000341224 0.0002400707 -0.0002878819 0.0000083825 -0.0000393374 -0.0001812270 0.0000902420 -0.0000593233 -0.0007550806 -0.0004611888 0.0000982536 0.0001726908 0.0005120600 -0.0003348833  
0.0000755345 -0.0000317177 0.0001032330 0.0003266872 -0.0002978581 -0.0002532335 0.0002248449 -0.0001227352 -0.0000413456 -0.0000310195 0.0001117443 -0.0000364506 -0.0006516525 0.0017754008 -0.0004574134 0.0000338468 -0.0003348833 0.0004588566  
0.0047182461 0.0000404749 0.0010259745 -0.0007180162 0.0016928143 0.0007288622 -0.0009322286 0.0016439852 0.0004671095 -0.0004761732 0.0002078089 0.0002112810 0.0050268851 0.0002630157 0.0010232994 -0.0003504800 -0.0005442465 -0.0000402821  
0.0000404749 0.0049910290 0.0019859415 -0.0021932684 0.0081695570 -0.0018722369 -0.0007268123 -0.0036300115 -0.0022903175 0.0015848103 0.0013610422 -0.0001116418 0.0047587675 -0.0031564771 0.0015055546 -0.0001697743 -0.0001261727 -0.0002040576  
0.0010259745 0.0019859415 0.0023934358 -0.0013067313 0.0058362717 -0.0009978859 -0.0010666854 -0.0014482075 -0.0015439018 0.0010427371 0.0012057350 0.0010181284 0.0050861591 -0.0012145639 0.0012357072 -0.0000867444 -0.0005522344 -0.0002139660  
-0.0007180162 -0.0021932684 -0.0013067313 0.0023274203 -0.0049654076 0.0006311421 0.0005141754 0.0019104210 0.0009933035 -0.0005514851 -0.0011222292 -0.0001877813 -0.0048280183 0.0008929764 -0.0011310810 0.0001685953 0.0002241744 0.0001266698  
0.0016928143 0.0081695570 0.0058362717 -0.0049654076 0.0198245931 -0.0041169708 -0.0025540639 -0.0069243478 -0.0055024567 0.0034641778 0.0035204914 0.0012676951 0.0150002030 -0.0049956095 0.0038967065 -0.0003936851 -0.0013046522 -0.0006136034  
0.0007288622 -0.0018722369 -0.0009978859 0.0006311421 -0.0041169708 0.0015367780 0.0004341924 0.0020376178 0.0015087914 -0.0010575573 -0.0004404160 0.0001803232 -0.0017845125 0.0014155740 -0.0006516576 -0.0000241168 0.0001910677 0.0001455033  
-0.0009322286 -0.0007268123 -0.0010666854 0.0005141754 -0.0025540639 0.0004341924 0.0008474253 0.0002110223 0.0009027818 -0.0006315842 -0.0005440380 -0.0005841830 -0.0027883488 0.0005162406 -0.0007345891 0.0000727034 0.0003317196 0.0000610781  
0.0016439852 -0.0036300115 -0.0014482075 0.0019104210 -0.0069243478 0.0020376178 0.0002110223 0.0042564419 0.0019245969 -0.0013322722 -0.0009677450 0.0006398816 -0.0031827351 0.0020727542 -0.0009548266 0.0000159916 0.0000868689 0.0001967546  
0.0004671095 -0.0022903175 -0.0015439018 0.0009933035 -0.0055024567 0.0015087914 0.0009027818 0.0019245969 0.0025185776 -0.0015365451 -0.0010571208 -0.0007067712 -0.0035163342 0.0018090316 -0.0011256744 0.0000412855 0.0003275279 0.0001812253  
-0.0004761732 0.0015848103 0.0010427371 -0.0005514851 0.0034641778 -0.0010575573 -0.0006315842 -0.0013322722 -0.0015365451 0.0015567519 0.0008698334 0.0007331580 0.0020924746 -0.0009446124 0.0008382410 -0.0000562809 -0.0002357039 -0.0000423811  
0.0002078089 0.0013610422 0.0012057350 -0.0011222292 0.0035204914 -0.0004404160 -0.0005440380 -0.0009677450 -0.0010571208 0.0008698334 0.0011955322 0.0012020762 0.0030299843 -0.0006861257 0.0008243081 -0.0001063000 -0.0002814011 -0.0000729110  
0.0002112810 -0.0001116418 0.0010181284 -0.0001877813 0.0012676951 0.0001803232 -0.0005841830 0.0006398816 -0.0007067712 0.0007331580 0.0012020762 0.0025184059 0.0012001899 -0.0002660459 0.0004942025 -0.0000310356 -0.0003339717 -0.0000564592  
0.0050268851 0.0047587675 0.0050861591 -0.0048280183 0.0150002030 -0.0017845125 -0.0027883488 -0.0031827351 -0.0035163342 0.0020924746 0.0030299843 0.0012001899 0.0187521514 -0.0008467558 0.0039528864 -0.0006189503 -0.0016174288 -0.0002298011  
0.0002630157 -0.0031564771 -0.0012145639 0.0008929764 -0.0049956095 0.0014155740 0.0005162406 0.0020727542 0.0018090316 -0.0009446124 -0.0006861257 -0.0002660459 -0.0008467558 0.0040827574 -0.0010761900 -0.0000843135 0.0000221292 0.0003076218  
0.0010232994 0.0015055546 0.0012357072 -0.0011310810 0.0038967065 -0.0006516576 -0.0007345891 -0.0009548266 -0.0011256744 0.0008382410 0.0008243081 0.0004942025 0.0039528864 -0.0010761900 0.0015371109 -0.0000493461 -0.0003611044 -0.0000661472  
-0.0003504800 -0.0001697743 -0.0000867444 0.0001685953 -0.0003936851 -0.0000241168 0.0000727034 0.0000159916 0.0000412855 -0.0000562809 -0.0001063000 -0.0000310356 -0.0006189503 -0.0000843135 -0.0000493461 0.0001145641 0.0000379850 -0.0000023079  
-0.0005442465 -0.0001261727 -0.0005522344 0.0002241744 -0.0013046522 0.0001910677 0.0003317196 0.0000868689 0.0003275279 -0.0002357039 -0.0002814011 -0.0003339717 -0.0016174288 0.0000221292 -0.0003611044 0.0000379850 0.0002787049 0.0000227093  
-0.0000402821 -0.0002040576 -0.0002139660 0.0001266698 -0.0006136034 0.0001455033 0.0000610781 0.0001967546 0.0001812253 -0.0000423811 -0.0000729110 -0.0000564592 -0.0002298011 0.0003076218 -0.0000661472 -0.0000023079 0.0000227093 0.0001036588  
0.0066561347 -0.0005138011 0.0025531664 0.0001629433 -0.0010971873 -0.0006399629 -0.0007871401 0.0001518115 0.0003895441 0.0003224675 0.0005890345 -0.0005813204 -0.0023743935 0.0002194294 -0.0014432774 0.0005847940 0.0001830606 0.0001374902  
-0.0005138011 0.0148604213 0.0014735332 -0.0029409002 0.0026937073 0.0001677925 0.0003399210 -0.0000987094 -0.0008076076 0.0018956337 0.0006229331 -0.0024086770 0.0150782010 -0.0029215504 0.0032341754 0.0002275658 0.0012580587 0.0016480041  
0.0025531664 0.0014735332 0.0025628706 -0.0011304282 0.0005149497 -0.0003327813 -0.0001502005 0.0003761999 -0.0000355960 0.0011764668 0.0011954343 -0.0002314241 0.0035071837 0.0006144180 -0.0000129369 0.0004727852 0.0001880793 0.0002892058  
0.0001629433 -0.0029409002 -0.0011304282 0.0021116121 -0.0010208921 -0.0002375562 -0.0001764616 -0.0002640795 0.0004636692 -0.0008410012 -0.0007623767 0.0001752958 -0.0058302984 -0.0000204597 -0.0012541648 -0.0001454942 -0.0003857708 -0.0002466294  
-0.0010971873 0.0026937073 0.0005149497 -0.0010208921 0.0023485320 0.0000840563 0.0002663307 0.0000259010 -0.0000651269 0.0001107968 -0.0000467898 -0.0007777159 0.0047484078 -0.0005275783 0.0009077249 -0.0000583174 0.0000710647 -0.0000495483  
-0.0006399629 0.0001677925 -0.0003327813 -0.0002375562 0.0000840563 0.0004859968 -0.0000705602 0.0000295642 -0.0002318744 0.0000092767 -0.0000192267 -0.0000686162 0.0009203760 -0.0006995542 0.0004035163 -0.0000441081 0.0000984699 -0.0001555117  
-0.0007871401 0.0003399210 -0.0001502005 -0.0001764616 0.0002663307 -0.0000705602 0.0004946667 0.0000315537 0.0001557662 -0.0001906762 -0.0001719890 0.0003093645 0.0005736532 0.0006408128 0.0003386111 -0.0000802724 -0.0000114565 0.0000881283  
0.0001518115 -0.0000987094 0.0003761999 -0.0002640795 0.0000259010 0.0000295642 0.0000315537 0.0002761894 -0.0000679382 0.0001801393 0.0002476999 0.0002180869 0.0010623128 0.0004015821 0.0000875461 0.0000484554 -0.0000033770 0.0000260855  
0.0003895441 -0.0008076076 -0.0000355960 0.0004636692 -0.0000651269 -0.0002318744 0.0001557662 -0.0000679382 0.0005725148 -0.0004397601 -0.0003606112 0.0000618033 -0.0014309121 0.0004878050 -0.0003557287 -0.0000805513 -0.0001110176 -0.0000857716  
0.0003224675 0.0018956337 0.0011764668 -0.0008410012 0.0001107968 0.0000092767 -0.0001906762 0.0001801393 -0.0004397601 0.0016056230 0.0013028350 0.0001299159 0.0038446889 -0.0002020130 0.0005455579 0.0003329141 0.0002446316 0.0003755294  
0.0005890345 0.0006229331 0.0011954343 -0.0007623767 -0.0000467898 -0.0000192267 -0.0001719890 0.0002476999 -0.0003606112 0.0013028350 0.0012666321 0.0003816822 0.0026934504 0.0001787767 0.0003127153 0.0003262615 0.0001459230 0.0002211694  
-0.0005813204 -0.0024086770 -0.0002314241 0.0001752958 -0.0007777159 -0.0000686162 0.0003093645 0.0002180869 0.0000618033 0.0001299159 0.0003816822 0.0017184190 -0.0015427718 0.0013786978 0.0001474121 -0.0000259232 -0.0001039634 -0.0000580383  
-0.0023743935 0.0150782010 0.0035071837 -0.0058302984 0.0047484078 0.0009203760 0.0005736532 0.0010623128 -0.0014309121 0.0038446889 0.0026934504 -0.0015427718 0.0276436884 -0.0015600089 0.0052264617 0.0004567753 0.0013419929 0.0013702823  
0.0002194294 -0.0029215504 0.0006144180 -0.0000204597 -0.0005275783 -0.0006995542 0.0006408128 0.0004015821 0.0004878050 -0.0002020130 0.0001787767 0.0013786978 -0.0015600089 0.0067123990 -0.0010295925 -0.0001648659 -0.0006137779 0.0005810372  
-0.0014432774 0.0032341754 -0.0000129369 -0.0012541648 0.0009077249 0.0004035163 0.0003386111 0.0000875461 -0.0003557287 0.0005455579 0.0003127153 0.0001474121 0.0052264617 -0.0010295925 0.0028650435 0.0002696823 0.0004177720 0.0002005571  
0.0005847940 0.0002275658 0.0004727852 -0.0001454942 -0.0000583174 -0.0000441081 -0.0000802724 0.0000484554 -0.0000805513 0.0003329141 0.0003262615 -0.0000259232 0.0004567753 -0.0001648659 0.0002696823 0.0002959015 0.0000573915 0.0000742392  
0.0001830606 0.0012580587 0.0001880793 -0.0003857708 0.0000710647 0.0000984699 -0.0000114565 -0.0000033770 -0.0001110176 0.0002446316 0.0001459230 -0.0001039634 0.0013419929 -0.0006137779 0.0004177720 0.0000573915 0.0002765987 0.0000449990  
0.0001374902 0.0016480041 0.0002892058 -0.0002466294 -0.0000495483 -0.0001555117 0.0000881283 0.0000260855 -0.0000857716 0.0003755294 0.0002211694 -0.0000580383 0.0013702823 0.0005810372 0.0002005571 0.0000742392 0.0000449990 0.0004891226  
0.0011043814 -0.0000423636 0.0003910755 -0.0001525066 0.0003090414 -0.0018061266 0.0021399483 0.0003904901 0.0001534843 0.0003842518 -0.0007853874 0.0004472633 0.0001450118 -0.0004098600 0.0012352031 -0.0003427644 -0.0000705281 -0.0000705271  
-0.0000423636 0.0041907427 -0.0000548861 0.0009235993 -0.0021048518 -0.0006674331 0.0001505106 -0.0006558673 0.0000355678 -0.0002687248 -0.0003166784 0.0001106345 -0.0086474395 -0.0024208411 0.0001614594 0.0000132715 0.0008608551 0.0007410779  
0.0003910755 -0.0000548861 0.0013346340 -0.0000213277 0.0000865481 -0.0007707787 0.0012461170 0.0002391991 0.0002700086 -0.0002229111 0.0001241971 0.0000947647 0.0003331772 -0.0001491037 -0.0008884277 -0.0000822931 -0.0000284512 -0.0000479950  
-0.0001525066 0.0009235993 -0.0000213277 0.0033803896 0.0009826587 -0.0001949193 -0.0009333531 -0.0000013859 0.0005849398 0.0001444369 -0.0000780225 0.0000183289 -0.0006347897 -0.0036399114 0.0005521142 0.0002964224 -0.0007115680 0.0000909189  
0.0003090414 -0.0021048518 0.0000865481 0.0009826587 0.0026871864 -0.0004039444 0.0001462078 0.0009678542 0.0004712711 0.0001910694 -0.0001061190 -0.0000272773 0.0072139764 -0.0025194719 0.0006507504 0.0002214575 -0.0010944563 -0.0006651768  
-0.0018061266 -0.0006674331 -0.0007707787 -0.0001949193 -0.0004039444 0.0067456084 -0.0050645699 -0.0013055091 -0.0004125159 0.0007473371 -0.0000707581 0.0000695206 0.0014822820 0.0018613448 0.0012043169 -0.0001100966 0.0000639321 -0.0000066835  
0.0021399483 0.0001505106 0.0012461170 -0.0009333531 0.0001462078 -0.0050645699 0.0067742076 0.0010203334 0.0003137925 -0.0000859414 -0.0006532404 0.0003769636 -0.0010455914 -0.0003706264 0.0004116417 -0.0002802760 0.0002351461 -0.0000676552  
0.0003904901 -0.0006558673 0.0002391991 -0.0000013859 0.0009678542 -0.0013055091 0.0010203334 0.0007954294 0.0000588382 0.0001104453 0.0003155048 -0.0001178028 0.0028552127 -0.0011879411 -0.0003632770 0.0000919463 -0.0003822618 -0.0001942334  
0.0001534843 0.0000355678 0.0002700086 0.0005849398 0.0004712711 -0.0004125159 0.0003137925 0.0000588382 0.0007131311 -0.0002358047 -0.0002720065 0.0001948417 0.0009514797 -0.0008644076 0.0000958679 -0.0000312702 -0.0002134178 -0.0000982928  
0.0003842518 -0.0002687248 -0.0002229111 0.0001444369 0.0001910694 0.0007473371 -0.0000859414 0.0001104453 -0.0002358047 0.0026944288 -0.0011107562 0.0004625775 0.0010160774 0.0000042563 0.0041959894 -0.0004758716 -0.0003107459 0.0002122844  
-0.0007853874 -0.0003166784 0.0001241971 -0.0000780225 -0.0001061190 -0.0000707581 -0.0006532404 0.0003155048 -0.0002720065 -0.0011107562 0.0032506928 -0.0014850072 0.0013717873 0.0008466397 -0.0054645380 0.0009889895 -0.0000554014 0.0001434162  
0.0004472633 0.0001106345 0.0000947647 0.0000183289 -0.0000272773 0.0000695206 0.0003769636 -0.0001178028 0.0001948417 0.0004625775 -0.0014850072 0.0011186001 -0.0003903664 -0.0000012868 0.0022394548 -0.0008371322 -0.0000157908 -0.0000258288  
0.0001450118 -0.0086474395 0.0003331772 -0.0006347897 0.0072139764 0.0014822820 -0.0010455914 0.0028552127 0.0009514797 0.0010160774 0.0013717873 -0.0003903664 0.0441258536 0.0091478129 -0.0006768720 0.0001141599 -0.0032295495 -0.0011261908  
-0.0004098600 -0.0024208411 -0.0001491037 -0.0036399114 -0.0025194719 0.0018613448 -0.0003706264 -0.0011879411 -0.0008644076 0.0000042563 0.0008466397 -0.0000012868 0.0091478129 0.0227086043 -0.0023045143 -0.0007506742 0.0006324792 0.0013908564  
0.0012352031 0.0001614594 -0.0008884277 0.0005521142 0.0006507504 0.0012043169 0.0004116417 -0.0003632770 0.0000958679 0.0041959894 -0.0054645380 0.0022394548 -0.0006768720 -0.0023045143 0.0152725289 -0.0008269833 -0.0001716894 -0.0001281693  
-0.0003427644 0.0000132715 -0.0000822931 0.0002964224 0.0002214575 -0.0001100966 -0.0002802760 0.0000919463 -0.0000312702 -0.0004758716 0.0009889895 -0.0008371322 0.0001141599 -0.0007506742 -0.0008269833 0.0011427566 -0.0000204423 -0.0000302815  
-0.0000705281 0.0008608551 -0.0000284512 -0.0007115680 -0.0010944563 0.0000639321 0.0002351461 -0.0003822618 -0.0002134178 -0.0003107459 -0.0000554014 -0.0000157908 -0.0032295495 0.0006324792 -0.0001716894 -0.0000204423 0.0007574825 0.0000224007  
-0.0000705271 0.0007410779 -0.0000479950 0.0000909189 -0.0006651768 -0.0000066835 -0.0000676552 -0.0001942334 -0.0000982928 0.0002122844 0.0001434162 -0.0000258288 -0.0011261908 0.0013908564 -0.0001281693 -0.0000302815 0.0000224007 0.0005181061  
0.0054707621 -0.0007326865 0.0014643089 -0.0024056329 0.0044960484 0.0010937031 0.0002657350 0.0019095053 -0.0001791980 0.0003653610 -0.0000759823 -0.0014100787 0.0061131901 -0.0006495819 -0.0023029286 0.0011636849 -0.0005090473 -0.0005599491  
-0.0007326865 0.0181171487 -0.0037014378 0.0038475556 -0.0030983498 -0.0000576406 -0.0011053026 0.0055248931 0.0007938038 -0.0006997500 0.0004726956 -0.0001225010 0.0004004809 -0.0054916809 -0.0001253912 -0.0005353278 0.0017007681 0.0027825241  
0.0014643089 -0.0037014378 0.0049430427 0.0018522528 0.0002368989 -0.0007765347 0.0004255689 -0.0034668154 0.0005148607 -0.0015268107 -0.0002369492 0.0006236694 -0.0052527287 0.0006267645 -0.0007476602 0.0007104120 -0.0001548485 -0.0008515143  
-0.0024056329 0.0038475556 0.0018522528 0.0114827766 -0.0036138509 -0.0051793810 -0.0026085467 -0.0046430939 0.0022302284 -0.0022160990 0.0012930131 0.0035396624 -0.0159628498 -0.0030426561 0.0008842180 -0.0004056667 -0.0001612114 0.0008761948  
0.0044960484 -0.0030983498 0.0002368989 -0.0036138509 0.0077066453 0.0031421682 0.0003291097 0.0050991800 -0.0005654592 0.0001236245 -0.0010534102 -0.0025685794 0.0148419631 0.0007189144 -0.0029319286 0.0015476996 -0.0014688014 -0.0008908598  
0.0010937031 -0.0000576406 -0.0007765347 -0.0051793810 0.0031421682 0.0069171952 0.0032721729 0.0041581456 -0.0004497018 0.0007230427 -0.0011071955 -0.0026665435 0.0124624693 0.0022988878 -0.0010450308 0.0003221780 0.0000945121 -0.0002838355  
0.0002657350 -0.0011053026 0.0004255689 -0.0026085467 0.0003291097 0.0032721729 0.0025897897 0.0004084854 -0.0006578261 0.0009921100 -0.0000630912 -0.0008457850 0.0029229332 0.0009508314 -0.0000354501 -0.0001116568 0.0003084418 -0.0002508504  
0.0019095053 0.0055248931 -0.0034668154 -0.0046430939 0.0050991800 0.0041581456 0.0004084854 0.0106688707 -0.0013741138 0.0013589754 -0.0008242306 -0.0027206564 0.0199603145 -0.0017901091 -0.0020690080 0.0007317175 -0.0003875184 0.0006154667  
-0.0001791980 0.0007938038 0.0005148607 0.0022302284 -0.0005654592 -0.0004497018 -0.0006578261 -0.0013741138 0.0022274693 -0.0011940811 -0.0000584894 0.0003382603 -0.0031247068 0.0008912458 -0.0002857217 0.0001892546 0.0000944368 0.0000524805  
0.0003653610 -0.0006997500 -0.0015268107 -0.0022160990 0.0001236245 0.0007230427 0.0009921100 0.0013589754 -0.0011940811 0.0036184679 0.0014242246 0.0001739823 0.0040702509 -0.0008503129 0.0007058391 -0.0005384699 -0.0000035555 0.0000676221  
-0.0000759823 0.0004726956 -0.0002369492 0.0012930131 -0.0010534102 -0.0011071955 -0.0000630912 -0.0008242306 -0.0000584894 0.0014242246 0.0014069028 0.0011974378 -0.0022474888 -0.0010174781 0.0003243720 -0.0004134627 0.0000638600 0.0002409648  
-0.0014100787 -0.0001225010 0.0006236694 0.0035396624 -0.0025685794 -0.0026665435 -0.0008457850 -0.0027206564 0.0003382603 0.0001739823 0.0011974378 0.0023796969 -0.0066367390 -0.0006074622 0.0009964857 -0.0005243983 0.0001211629 0.0002047208  
0.0061131901 0.0004004809 -0.0052527287 -0.0159628498 0.0148419631 0.0124624693 0.0029229332 0.0199603145 -0.0031247068 0.0040702509 -0.0022474888 -0.0066367390 0.0711755226 0.0085764973 -0.0061439679 0.0022852578 -0.0014026128 -0.0006708664  
-0.0006495819 -0.0054916809 0.0006267645 -0.0030426561 0.0007189144 0.0022988878 0.0009508314 -0.0017901091 0.0008912458 -0.0008503129 -0.0010174781 -0.0006074622 0.0085764973 0.0139380038 0.0004560319 0.0008394692 0.0005364379 -0.0008972062  
-0.0023029286 -0.0001253912 -0.0007476602 0.0008842180 -0.0029319286 -0.0010450308 -0.0000354501 -0.0020690080 -0.0002857217 0.0007058391 0.0003243720 0.0009964857 -0.0061439679 0.0004560319 0.0073593231 -0.0000309605 0.0011035081 -0.0002728378  
0.0011636849 -0.0005353278 0.0007104120 -0.0004056667 0.0015476996 0.0003221780 -0.0001116568 0.0007317175 0.0001892546 -0.0005384699 -0.0004134627 -0.0005243983 0.0022852578 0.0008394692 -0.0000309605 0.0009088416 -0.0001590637 -0.0002333694  
-0.0005090473 0.0017007681 -0.0001548485 -0.0001612114 -0.0014688014 0.0000945121 0.0003084418 -0.0003875184 0.0000944368 -0.0000035555 0.0000638600 0.0001211629 -0.0014026128 0.0005364379 0.0011035081 -0.0001590637 0.0009820121 -0.0000499513  
-0.0005599491 0.0027825241 -0.0008515143 0.0008761948 -0.0008908598 -0.0002838355 -0.0002508504 0.0006154667 0.0000524805 0.0000676221 0.0002409648 0.0002047208 -0.0006708664 -0.0008972062 -0.0002728378 -0.0002333694 -0.0000499513 0.0008116727  
0.0076567514 -0.0083033201 -0.0016475829 0.0033134298 -0.0092483605 0.0011219526 -0.0002256801 0.0023226861 0.0019037337 -0.0022278851 -0.0025778895 -0.0030226862 -0.0083188778 0.0006939355 -0.0033127926 0.0004962410 0.0000561747 -0.0009461724  
-0.0083033201 0.0234231613 0.0069596827 -0.0048924571 0.0194598990 -0.0032304185 -0.0000741742 -0.0047566134 -0.0031019990 0.0037449178 0.0027596842 0.0005853867 0.0188134812 -0.0063498853 0.0044993074 -0.0012691290 -0.0000708743 0.0024401967  
-0.0016475829 0.0069596827 0.0076311689 -0.0053168718 0.0070458795 0.0018099107 0.0015824334 -0.0008850613 -0.0013894433 0.0018675924 0.0030371093 0.0020842762 0.0103472295 -0.0021756078 -0.0007230116 0.0003387195 0.0000209432 0.0008812596  
0.0033134298 -0.0048924571 -0.0053168718 0.0233217855 -0.0113740176 -0.0013556528 -0.0006543682 -0.0009079168 0.0055391219 -0.0002679661 -0.0052880738 -0.0062285556 -0.0257004328 -0.0045120157 -0.0005745857 0.0011981941 -0.0013612268 0.0001664209  
-0.0092483605 0.0194598990 0.0070458795 -0.0113740176 0.0252554515 -0.0017436787 0.0010935990 -0.0036832708 -0.0052136047 0.0025686007 0.0042643159 0.0037173587 0.0296714031 -0.0029915787 0.0059351735 -0.0017472906 -0.0008171831 0.0017164938  
0.0011219526 -0.0032304185 0.0018099107 -0.0013556528 -0.0017436787 0.0059368742 0.0032647027 0.0008534578 0.0006615170 -0.0000053910 0.0013176807 0.0020703107 0.0015432838 0.0006839446 -0.0008291889 0.0001912371 0.0000498505 -0.0002709018  
-0.0002256801 -0.0000741742 0.0015824334 -0.0006543682 0.0010935990 0.0032647027 0.0027703260 -0.0006496454 0.0007643133 0.0001274324 0.0006989334 0.0008943117 0.0031656919 0.0011163824 0.0003720901 -0.0002368785 -0.0001992593 0.0000471420  
0.0023226861 -0.0047566134 -0.0008850613 -0.0009079168 -0.0036832708 0.0008534578 -0.0006496454 0.0030374681 -0.0003389472 -0.0004688741 0.0000972079 0.0010105485 0.0000996049 0.0008552597 -0.0010794281 0.0004485522 -0.0000562540 -0.0004632304  
0.0019037337 -0.0031019990 -0.0013894433 0.0055391219 -0.0052136047 0.0006615170 0.0007643133 -0.0003389472 0.0033311542 -0.0007441240 -0.0019186008 -0.0022180617 -0.0073680854 0.0008223019 -0.0002951461 0.0001223039 -0.0002462853 -0.0001308284  
-0.0022278851 0.0037449178 0.0018675924 -0.0002679661 0.0025686007 -0.0000053910 0.0001274324 -0.0004688741 -0.0007441240 0.0029221121 0.0023377411 0.0020065073 0.0026298435 -0.0017290609 0.0001209562 0.0004865681 -0.0000166596 0.0006071171  
-0.0025778895 0.0027596842 0.0030371093 -0.0052880738 0.0042643159 0.0013176807 0.0006989334 0.0000972079 -0.0019186008 0.0023377411 0.0039006615 0.0041471290 0.0078273234 0.0000421293 -0.0002895661 0.0002990536 0.0001711150 0.0003804505  
-0.0030226862 0.0005853867 0.0020842762 -0.0062285556 0.0037173587 0.0020703107 0.0008943117 0.0010105485 -0.0022180617 0.0020065073 0.0041471290 0.0064265826 0.0068967912 0.0011867919 0.0005791634 0.0002270653 0.0000215780 0.0001473653  
-0.0083188778 0.0188134812 0.0103472295 -0.0257004328 0.0296714031 0.0015432838 0.0031656919 0.0000996049 -0.0073680854 0.0026298435 0.0078273234 0.0068967912 0.0689088355 0.0098717885 0.0058482376 -0.0030949427 -0.0007627005 0.0018925053  
0.0006939355 -0.0063498853 -0.0021756078 -0.0045120157 -0.0029915787 0.0006839446 0.0011163824 0.0008552597 0.0008223019 -0.0017290609 0.0000421293 0.0011867919 0.0098717885 0.0178012493 0.0001624308 -0.0012291090 0.0006304119 -0.0007033208  
-0.0033127926 0.0044993074 -0.0007230116 -0.0005745857 0.0059351735 -0.0008291889 0.0003720901 -0.0010794281 -0.0002951461 0.0001209562 -0.0002895661 0.0005791634 0.0058482376 0.0001624308 0.0108346494 0.0004707169 -0.0007308269 0.0007287362  
0.0004962410 -0.0012691290 0.0003387195 0.0011981941 -0.0017472906 0.0001912371 -0.0002368785 0.0004485522 0.0001223039 0.0004865681 0.0002990536 0.0002270653 -0.0030949427 -0.0012291090 0.0004707169 0.0011730768 -0.0000350398 0.0000552654  
0.0000561747 -0.0000708743 0.0000209432 -0.0013612268 -0.0008171831 0.0000498505 -0.0001992593 -0.0000562540 -0.0002462853 -0.0000166596 0.0001711150 0.0000215780 -0.0007627005 0.0006304119 -0.0007308269 -0.0000350398 0.0007783295 -0.0003345126  
-0.0009461724 0.0024401967 0.0008812596 0.0001664209 0.0017164938 -0.0002709018 0.0000471420 -0.0004632304 -0.0001308284 0.0006071171 0.0003804505 0.0001473653 0.0018925053 -0.0007033208 0.0007287362 0.0000552654 -0.0003345126 0.0006054171  
0.0000200000 0.0000000000 0.0000000000 0.0000000000 0.0000000000 0.0000000000 0.0000000000 0.0000000000 0.0000000000 0.0000000000 0.0000000000 0.0000000000 0.0000000000 0.0000000000 0.0000000000 0.0000000000 0.0000000000 0.0000000000  
0.0000000000 0.0000200000 0.0000000000 0.0000000000 0.0000000000 0.0000000000 0.0000000000 0.0000000000 0.0000000000 0.0000000000 0.0000000000 0.0000000000 0.0000000000 0.0000000000 0.0000000000 0.0000000000 0.0000000000 0.0000000000  
0.0000000000 0.0000000000 0.0000200000 0.0000000000 0.0000000000 0.0000000000 0.0000000000 0.0000000000 0.0000000000 0.0000000000 0.0000000000 0.0000000000 0.0000000000 0.0000000000 0.0000000000 0.0000000000 0.0000000000 0.0000000000  
0.0000000000 0.0000000000 0.0000000000 0.0000200000 0.0000000000 0.0000000000 0.0000000000 0.0000000000 0.0000000000 0.0000000000 0.0000000000 0.0000000000 0.0000000000 0.0000000000 0.0000000000 0.0000000000 0.0000000000 0.0000000000  
0.0000000000 0.0000000000 0.0000000000 0.0000000000 0.0000200000 0.0000000000 0.0000000000 0.0000000000 0.0000000000 0.0000000000 0.0000000000 0.0000000000 0.0000000000 0.0000000000 0.0000000000 0.0000000000 0.0000000000 0.0000000000  
0.0000000000 0.0000000000 0.0000000000 0.0000000000 0.0000000000 0.0000200000 0.0000000000 0.0000000000 0.0000000000 0.0000000000 0.0000000000 0.0000000000 0.0000000000 0.0000000000 0.0000000000 0.0000000000 0.0000000000 0.0000000000  
0.0000000000 0.0000000000 0.0000000000 0.0000000000 0.0000000000 0.0000000000 0.0000200000 0.0000000000 0.0000000000 0.0000000000 0.0000000000 0.0000000000 0.0000000000 0.0000000000 0.0000000000 0.0000000000 0.0000000000 0.0000000000  
0.0000000000 0.0000000000 0.0000000000 0.0000000000 0.0000000000 0.0000000000 0.0000000000 0.0000200000 0.0000000000 0.0000000000 0.0000000000 0.0000000000 0.0000000000 0.0000000000 0.0000000000 0.0000000000 0.0000000000 0.0000000000  
0.0000000000 0.0000000000 0.0000000000 0.0000000000 0.0000000000 0.0000000000 0.0000000000 0.0000000000 0.0000200000 0.0000000000 0.0000000000 0.0000000000 0.0000000000 0.0000000000 0.0000000000 0.0000000000 0.0000000000 0.0000000000  
0.0000000000 0.0000000000 0.0000000000 0.0000000000 0.0000000000 0.0000000000 0.0000000000 0.0000000000 0.0000000000 0.0000200000 0.0000000000 0.0000000000 0.0000000000 0.0000000000 0.0000000000 0.0000000000 0.0000000000 0.0000000000  
0.0000000000 0.0000000000 0.0000000000 0.0000000000 0.0000000000 0.0000000000 0.0000000000 0.0000000000 0.0000000000 0.0000000000 0.0000200000 0.0000000000 0.0000000000 0.0000000000 0.0000000000 0.0000000000 0.0000000000 0.0000000000  
0.0000000000 0.0000000000 0.0000000000 0.0000000000 0.0000000000 0.0000000000 0.0000000000 0.0000000000 0.0000000000 0.0000000000 0.0000000000 0.0000200000 0.0000000000 0.0000000000 0.0000000000 0.0000000000 0.0000000000 0.0000000000  
0.0000000000 0.0000000000 0.0000000000 0.0000000000 0.0000000000 0.0000000000 0.0000000000 0.0000000000 0.0000000000 0.0000000000 0.0000000000 0.0000000000 0.0000200000 0.0000000000 0.0000000000 0.0000000000 0.0000000000 0.0000000000  
0.0000000000 0.0000000000 0.0000000000 0.0000000000 0.0000000000 0.0000000000 0.0000000000 0.0000000000 0.0000000000 0.0000000000 0.0000000000 0.0000000000 0.0000000000 0.0000200000 0.0000000000 0.0000000000 0.0000000000 0.0000000000  
0.0000000000 0.0000000000 0.0000000000 0.0000000000 0.0000000000 0.0000000000 0.0000000000 0.0000000000 0.0000000000 0.0000000000 0.0000000000 0.0000000000 0.0000000000 0.0000000000 0.0000200000 0.0000000000 0.0000000000 0.0000000000  
0.0000000000 0.0000000000 0.0000000000 0.0000000000 0.0000000000 0.0000000000 0.0000000000 0.0000000000 0.0000000000 0.0000000000 0.0000000000 0.0000000000 0.0000000000 0.0000000000 0.0000000000 0.0000200000 0.0000000000 0.0000000000  
0.0000000000 0.0000000000 0.0000000000 0.0000000000 0.0000000000 0.0000000000 0.0000000000 0.0000000000 0.0000000000 0.0000000000 0.0000000000 0.0000000000 0.0000000000 0.0000000000 0.0000000000 0.0000000000 0.0000200000 0.0000000000  
0.0000000000 0.0000000000 0.0000000000 0.0000000000 0.0000000000 0.0000000000 0.0000000000 0.0000000000 0.0000000000 0.0000000000 0.0000000000 0.0000000000 0.0000000000 0.0000000000 0.0000000000 0.0000000000 0.0000000000 0.0000200000  
0.0593271048 0.0065200692 0.0324760426 -0.0049598816 0.0065017764 -0.0075261336 -0.0053954293 -0.0079375330 -0.0003687028 0.0049153794 0.0014743770 0.0003460821 0.0062828800 -0.0013960235 -0.0022431550 0.0018968195 0.0003472786 -0.0003683018  
0.0065200692 0.0530836733 0.0103733566 0.0538088727 0.0102368489 -0.0057028047 -0.0075573144 0.0067631465 -0.0020566137 0.0033009185 0.0018150929 0.0009351329 0.0021575017 -0.0449818879 0.0031423256 0.0028304428 -0.0037411534 0.0080120173  
0.0324760426 0.0103733566 0.2891565861 0.0002956371 -0.0168105022 0.0031642053 -0.0132240316 0.0108725510 -0.0005931112 0.0058259828 -0.0115474722 -0.0049254912 0.0080827454 -0.0028600530 -0.0607907415 0.0288710159 0.0046122258 -0.0005683454  
-0.0049598816 0.0538088727 0.0002956371 0.1356155732 0.0223897132 0.0068830896 0.0094824372 -0.0033413947 -0.0147165252 -0.0022993594 0.0004525552 0.0040392907 -0.0618835937 -0.0753680432 0.0108146700 -0.0002993476 -0.0167134818 0.0111950061  
0.0065017764 0.0102368489 -0.0168105022 0.0223897132 0.0124338943 0.0021358623 0.0039096297 -0.0003921795 -0.0051382132 -0.0004001600 0.0005204273 0.0005824903 0.0060965387 -0.0153004462 0.0077136616 -0.0018489479 -0.0040574576 0.0013950292  
-0.0075261336 -0.0057028047 0.0031642053 0.0068830896 0.0021358623 0.0652732413 0.0472445376 -0.0103836298 -0.0029033013 -0.0028893761 0.0007786856 -0.0016651268 0.0069077594 0.0114779440 0.0034519084 -0.0062878491 0.0017648151 -0.0010646956  
-0.0053954293 -0.0075573144 -0.0132240316 0.0094824372 0.0039096297 0.0472445376 0.0400570207 -0.0096204373 -0.0035757201 -0.0016376975 0.0006433497 -0.0020199197 -0.0006206270 0.0092992259 0.0063147249 -0.0065838298 0.0001494650 -0.0011025409  
-0.0079375330 0.0067631465 0.0108725510 -0.0033413947 -0.0003921795 -0.0103836298 -0.0096204373 0.0139947328 -0.0079361874 -0.0017805553 -0.0010693256 0.0008651107 0.0185810760 -0.0030143340 -0.0073162000 0.0029767057 0.0008631754 0.0004821623  
-0.0003687028 -0.0020566137 -0.0005931112 -0.0147165252 -0.0051382132 -0.0029033013 -0.0035757201 -0.0079361874 0.0542071368 0.0116646308 0.0084575404 -0.0002681208 -0.0019225582 -0.0087596995 0.0023614860 0.0001532778 -0.0010882197 -0.0000214268  
0.0049153794 0.0033009185 0.0058259828 -0.0022993594 -0.0004001600 -0.0028893761 -0.0016376975 -0.0017805553 0.0116646308 0.0088738617 0.0008787734 -0.0034796411 0.0054236998 -0.0009053513 0.0049700153 0.0025376915 -0.0002965465 0.0009256040  
0.0014743770 0.0018150929 -0.0115474722 0.0004525552 0.0005204273 0.0007786856 0.0006433497 -0.0010693256 0.0084575404 0.0008787734 0.0079934247 0.0048015250 0.0044776240 -0.0027095757 -0.0044197689 -0.0025751218 -0.0012512014 0.0009109160  
0.0003460821 0.0009351329 -0.0049254912 0.0040392907 0.0005824903 -0.0016651268 -0.0020199197 0.0008651107 -0.0002681208 -0.0034796411 0.0048015250 0.0093755124 -0.0021178188 -0.0025218274 -0.0014713457 -0.0031221433 -0.0008312682 0.0002037579  
0.0062828800 0.0021575017 0.0080827454 -0.0618835937 0.0060965387 0.0069077594 -0.0006206270 0.0185810760 -0.0019225582 0.0054236998 0.0044776240 -0.0021178188 0.1954619705 0.0533876848 -0.0072220569 0.0007902822 0.0122814434 -0.0058856265  
-0.0013960235 -0.0449818879 -0.0028600530 -0.0753680432 -0.0153004462 0.0114779440 0.0092992259 -0.0030143340 -0.0087596995 -0.0009053513 -0.0027095757 -0.0025218274 0.0533876848 0.1205667582 -0.0060405660 -0.0041178495 0.0154183890 -0.0089496171  
-0.0022431550 0.0031423256 -0.0607907415 0.0108146700 0.0077136616 0.0034519084 0.0063147249 -0.0073162000 0.0023614860 0.0049700153 -0.0044197689 -0.0014713457 -0.0072220569 -0.0060405660 0.1255941265 0.0170640034 0.0014966712 -0.0003539309  
0.0018968195 0.0028304428 0.0288710159 -0.0002993476 -0.0018489479 -0.0062878491 -0.0065838298 0.0029767057 0.0001532778 0.0025376915 -0.0025751218 -0.0031221433 0.0007902822 -0.0041178495 0.0170640034 0.0136806260 0.0008496986 0.0005630277  
0.0003472786 -0.0037411534 0.0046122258 -0.0167134818 -0.0040574576 0.0017648151 0.0001494650 0.0008631754 -0.0010882197 -0.0002965465 -0.0012512014 -0.0008312682 0.0122814434 0.0154183890 0.0014966712 0.0008496986 0.0063133913 -0.0035501862  
-0.0003683018 0.0080120173 -0.0005683454 0.0111950061 0.0013950292 -0.0010646956 -0.0011025409 0.0004821623 -0.0000214268 0.0009256040 0.0009109160 0.0002037579 -0.0058856265 -0.0089496171 -0.0003539309 0.0005630277 -0.0035501862 0.0037174577  
0.0009040618 0.0000354505 -0.0034005725 0.0003965837 0.0001038168 0.0005724542 0.0004558753 -0.0005614460 -0.0001057821 0.0002052566 -0.0003551002 0.0001735305 -0.0026449052 0.0016461837 0.0055826805 -0.0003716337 -0.0001501097 0.0002287559  
0.0000354505 0.0037401695 -0.0018113569 0.0022156297 0.0003467163 -0.0010365685 -0.0004820595 0.0002109309 -0.0000623646 0.0011162465 -0.0004688427 -0.0009948170 0.0051190918 0.0003737079 0.0055312111 0.0014525370 -0.0007856977 0.0015567077  
-0.0034005725 -0.0018113569 0.0335381041 -0.0060667986 -0.0016603988 -0.0025991051 -0.0016041502 0.0037234514 0.0015144240 -0.0034220143 0.0043432260 -0.0017511972 0.0206828051 -0.0210234999 -0.0613222806 0.0015016541 0.0029532557 -0.0043869576  
0.0003965837 0.0022156297 -0.0060667986 0.0052801842 0.0010541220 -0.0019733277 -0.0010350949 -0.0007486296 -0.0001024750 0.0013747251 -0.0014885968 -0.0010124580 -0.0077600021 0.0042809007 0.0137124831 0.0020139973 -0.0026318290 0.0028663090  
0.0001038168 0.0003467163 -0.0016603988 0.0010541220 0.0005000360 -0.0003389998 -0.0002413647 -0.0000647155 -0.0001067781 0.0004260814 -0.0003417028 -0.0002559887 -0.0002506726 0.0002216464 0.0039376570 0.0004701834 -0.0003396880 0.0003272886  
0.0005724542 -0.0010365685 -0.0025991051 -0.0019733277 -0.0003389998 0.0029653629 0.0016531298 -0.0004106488 -0.0001744439 -0.0003271105 0.0002493649 0.0011868630 0.0001440693 -0.0001897445 0.0017777144 -0.0018997237 0.0009358188 -0.0009173297  
0.0004558753 -0.0004820595 -0.0016041502 -0.0010350949 -0.0002413647 0.0016531298 0.0013959010 -0.0002816162 0.0001202519 -0.0003077843 0.0004459011 0.0003978903 -0.0000501244 0.0000588580 0.0009753766 -0.0008029426 0.0005077815 -0.0004703288  
-0.0005614460 0.0002109309 0.0037234514 -0.0007486296 -0.0000647155 -0.0004106488 -0.0002816162 0.0006834512 0.0000047229 -0.0002122645 0.0005027765 -0.0002715233 0.0049306801 -0.0029982367 -0.0066028236 0.0001747312 0.0005569448 -0.0006396683  
-0.0001057821 -0.0000623646 0.0015144240 -0.0001024750 -0.0001067781 -0.0001744439 0.0001202519 0.0000047229 0.0011148703 -0.0000535842 0.0005987746 -0.0003165535 0.0002323580 0.0004165669 0.0004371043 0.0014631921 -0.0001844618 0.0002674605  
0.0002052566 0.0011162465 -0.0034220143 0.0013747251 0.0004260814 -0.0003271105 -0.0003077843 -0.0002122645 -0.0000535842 0.0010306883 -0.0006592616 -0.0001877908 -0.0001611607 0.0018422312 0.0087576843 0.0007709635 -0.0006548011 0.0009649245  
-0.0003551002 -0.0004688427 0.0043432260 -0.0014885968 -0.0003417028 0.0002493649 0.0004459011 0.0005027765 0.0005987746 -0.0006592616 0.0012768635 -0.0002126127 0.0042206581 -0.0023657060 -0.0084594842 0.0002084646 0.0007227005 -0.0008608124  
0.0001735305 -0.0009948170 -0.0017511972 -0.0010124580 -0.0002559887 0.0011868630 0.0003978903 -0.0002715233 -0.0003165535 -0.0001877908 -0.0002126127 0.0011292482 -0.0021057561 0.0005990756 0.0023424960 -0.0012733565 0.0004182236 -0.0004995662  
-0.0026449052 0.0051190918 0.0206828051 -0.0077600021 -0.0002506726 0.0001440693 -0.0000501244 0.0049306801 0.0002323580 -0.0001611607 0.0042206581 -0.0021057561 0.0572218465 -0.0227318311 -0.0404890295 -0.0012434244 0.0070284347 -0.0063651868  
0.0016461837 0.0003737079 -0.0210234999 0.0042809007 0.0002216464 -0.0001897445 0.0000588580 -0.0029982367 0.0004165669 0.0018422312 -0.0023657060 0.0005990756 -0.0227318311 0.0370756993 0.0417194100 0.0014806040 -0.0037872768 0.0061351487  
0.0055826805 0.0055312111 -0.0613222806 0.0137124831 0.0039376570 0.0017777144 0.0009753766 -0.0066028236 0.0004371043 0.0087576843 -0.0084594842 0.0023424960 -0.0404890295 0.0417194100 0.1571884303 0.0123714544 -0.0075085204 0.0116436431  
-0.0003716337 0.0014525370 0.0015016541 0.0020139973 0.0004701834 -0.0018997237 -0.0008029426 0.0001747312 0.0014631921 0.0007709635 0.0002084646 -0.0012733565 -0.0012434244 0.0014806040 0.0123714544 0.0065353626 -0.0016096759 0.0021581491  
-0.0001501097 -0.0007856977 0.0029532557 -0.0026318290 -0.0003396880 0.0009358188 0.0005077815 0.0005569448 -0.0001844618 -0.0006548011 0.0007227005 0.0004182236 0.0070284347 -0.0037872768 -0.0075085204 -0.0016096759 0.0022899636 -0.0024098985  
0.0002287559 0.0015567077 -0.0043869576 0.0028663090 0.0003272886 -0.0009173297 -0.0004703288 -0.0006396683 0.0002674605 0.0009649245 -0.0008608124 -0.0004995662 -0.0063651868 0.0061351487 0.0116436431 0.0021581491 -0.0024098985 0.0029826351  
0.0011790164 -0.0003408137 -0.0001571793 -0.0001767651 0.0001771981 -0.0019190212 0.0017769206 0.0002571276 0.0000018339 0.0005195645 -0.0009070297 0.0005491194 -0.0000570376 0.0007493342 0.0014695465 -0.0007291161 -0.0001510420 -0.0000048121  
-0.0003408137 0.0216485382 0.0002290641 0.0109814506 -0.0026035163 0.0006095602 -0.0000076852 0.0007507053 0.0002021905 0.0007731897 -0.0001922960 0.0010102824 0.0103871882 -0.0213286737 0.0010718079 -0.0011608431 0.0010914196 0.0030184116  
-0.0001571793 0.0002290641 0.0111516448 0.0056352072 0.0006972046 0.0075012530 0.0062340610 -0.0011799846 0.0011112317 -0.0003182010 0.0009684586 -0.0000252783 -0.0006392179 -0.0000776678 -0.0042548375 0.0003788742 -0.0005984874 0.0001834629  
-0.0001767651 0.0109814506 0.0056352072 0.0345954518 0.0060786413 0.0034066110 0.0025697323 -0.0018630954 0.0019766866 0.0006398555 0.0008858085 0.0010429768 -0.0176885395 -0.0187993987 0.0010789418 0.0009293837 -0.0054843092 0.0029586370  
0.0001771981 -0.0026035163 0.0006972046 0.0060786413 0.0045125686 0.0000326872 0.0002083507 0.0009978216 0.0004198560 0.0003521453 0.0003157465 0.0000122372 0.0064508257 -0.0027398274 0.0000478830 0.0001431812 -0.0022385168 -0.0003521586  
-0.0019190212 0.0006095602 0.0075012530 0.0034066110 0.0000326872 0.0197594375 0.0059335190 -0.0038173688 0.0018985852 0.0004209789 0.0010763822 -0.0001810459 0.0054305113 0.0015881844 -0.0006260150 0.0002003157 0.0006135210 -0.0001159505  
0.0017769206 -0.0000076852 0.0062340610 0.0025697323 0.0002083507 0.0059335190 0.0137262990 -0.0014458323 0.0013449143 0.0002277895 0.0000551383 0.0003755629 -0.0006937806 0.0021306176 0.0001196010 -0.0005089636 0.0003904437 -0.0000742215  
0.0002571276 0.0007507053 -0.0011799846 -0.0018630954 0.0009978216 -0.0038173688 -0.0014458323 0.0023878862 -0.0010846538 0.0000540419 0.0003615489 0.0001413172 0.0111355793 -0.0026332559 -0.0011895332 -0.0004097142 -0.0001688724 -0.0000925137  
0.0000018339 0.0002021905 0.0011112317 0.0019766866 0.0004198560 0.0018985852 0.0013449143 -0.0010846538 0.0043543911 0.0008958356 0.0006680053 0.0000783116 0.0005217193 -0.0011873372 -0.0002451407 -0.0001389942 -0.0005373544 0.0001309740  
0.0005195645 0.0007731897 -0.0003182010 0.0006398555 0.0003521453 0.0004209789 0.0002277895 0.0000540419 0.0008958356 0.0030908359 -0.0012946963 0.0000054287 0.0053100152 0.0007044352 0.0039810904 -0.0011166500 -0.0004460814 0.0004122655  
-0.0009070297 -0.0001922960 0.0009684586 0.0008858085 0.0003157465 0.0010763822 0.0000551383 0.0003615489 0.0006680053 -0.0012946963 0.0040600261 -0.0007524289 0.0018600441 -0.0000257324 -0.0058571104 0.0018789616 -0.0002836391 0.0001917370  
0.0005491194 0.0010102824 -0.0000252783 0.0010429768 0.0000122372 -0.0001810459 0.0003755629 0.0001413172 0.0000783116 0.0000054287 -0.0007524289 0.0019571135 -0.0001223283 -0.0013245682 0.0014625182 -0.0014426712 -0.0002939347 0.0002382125  
-0.0000570376 0.0103871882 -0.0006392179 -0.0176885395 0.0064508257 0.0054305113 -0.0006937806 0.0111355793 0.0005217193 0.0053100152 0.0018600441 -0.0001223283 0.1625847779 0.0061259526 -0.0000539425 -0.0038787948 0.0032261066 -0.0009606423  
0.0007493342 -0.0213286737 -0.0000776678 -0.0187993987 -0.0027398274 0.0015881844 0.0021306176 -0.0026332559 -0.0011873372 0.0007044352 -0.0000257324 -0.0013245682 0.0061259526 0.0697034539 0.0020591473 0.0024477624 0.0021110618 -0.0007200368  
0.0014695465 0.0010718079 -0.0042548375 0.0010789418 0.0000478830 -0.0006260150 0.0001196010 -0.0011895332 -0.0002451407 0.0039810904 -0.0058571104 0.0014625182 -0.0000539425 0.0020591473 0.0286500559 0.0005222455 0.0011029780 -0.0004061162  
-0.0007291161 -0.0011608431 0.0003788742 0.0009293837 0.0001431812 0.0002003157 -0.0005089636 -0.0004097142 -0.0001389942 -0.0011166500 0.0018789616 -0.0014426712 -0.0038787948 0.0024477624 0.0005222455 0.0043600112 0.0003022843 -0.0001191344  
-0.0001510420 0.0010914196 -0.0005984874 -0.0054843092 -0.0022385168 0.0006135210 0.0003904437 -0.0001688724 -0.0005373544 -0.0004460814 -0.0002836391 -0.0002939347 0.0032261066 0.0021110618 0.0011029780 0.0003022843 0.0028409998 -0.0010947476  
-0.0000048121 0.0030184116 0.0001834629 0.0029586370 -0.0003521586 -0.0001159505 -0.0000742215 -0.0000925137 0.0001309740 0.0004122655 0.0001917370 0.0002382125 -0.0009606423 -0.0007200368 -0.0004061162 -0.0001191344 -0.0010947476 0.0016098695  
0.0007973114 -0.0000483612 0.0001815889 -0.0000857256 0.0001569061 -0.0013260176 0.0018781390 0.0002043969 0.0000946392 0.0003573179 -0.0004965238 0.0003876346 -0.0001468626 -0.0000860115 0.0009356218 -0.0002202462 0.0000145133 -0.0000843251  
-0.0000483612 0.0058811252 -0.0002778326 0.0001958417 -0.0012011947 -0.0000263496 0.0001261185 0.0007355506 -0.0001140594 0.0009947198 0.0004205725 -0.0000084030 0.0113984324 -0.0015595799 0.0003443014 -0.0001123439 0.0002145464 0.0012831588  
0.0001815889 -0.0002778326 0.0005631881 -0.0001418425 0.0000331494 -0.0007603488 0.0008762055 0.0001933459 0.0000396889 -0.0003225286 0.0002787241 -0.0000698762 -0.0003007172 0.0003357292 -0.0008473167 0.0001599809 0.0000250312 -0.0000558238  
-0.0000857256 0.0001958417 -0.0001418425 0.0012859398 0.0004177246 0.0000568995 -0.0006326171 -0.0001469071 0.0003570763 -0.0001608917 -0.0003323684 0.0002003990 -0.0010469983 -0.0014767846 0.0003726573 -0.0000310507 -0.0002285049 -0.0000616002  
0.0001569061 -0.0012011947 0.0000331494 0.0004177246 0.0006588655 -0.0003403870 0.0002183119 -0.0000731805 0.0002456628 -0.0002802621 -0.0003830332 0.0001817704 -0.0025232019 -0.0008949729 0.0003353695 -0.0000272937 -0.0000324356 -0.0005120824  
-0.0013260176 -0.0000263496 -0.0007603488 0.0000568995 -0.0003403870 0.0048994024 -0.0057651133 -0.0010887997 -0.0003867460 0.0007833613 -0.0005089937 -0.0001134824 0.0001235882 0.0002106156 0.0010425772 -0.0005851910 -0.0000694439 0.0000959361  
0.0018781390 0.0001261185 0.0008762055 -0.0006326171 0.0002183119 -0.0057651133 0.0078105397 0.0013511922 0.0002813917 -0.0002039411 0.0001893193 0.0003966029 0.0006433818 0.0001795629 -0.0001448546 0.0003600042 0.0002163569 -0.0001037575  
0.0002043969 0.0007355506 0.0001933459 -0.0001469071 -0.0000731805 -0.0010887997 0.0013511922 0.0005483990 -0.0000584509 0.0000638950 0.0005974552 -0.0001803676 0.0018270473 -0.0005006077 -0.0006356377 0.0002086481 0.0001907795 -0.0000262047  
0.0000946392 -0.0001140594 0.0000396889 0.0003570763 0.0002456628 -0.0003867460 0.0002813917 -0.0000584509 0.0003531486 -0.0004399224 -0.0003221500 0.0002149645 -0.0004891285 -0.0003776283 0.0000336014 -0.0000097138 -0.0001102681 -0.0000212713  
0.0003573179 0.0009947198 -0.0003225286 -0.0001608917 -0.0002802621 0.0007833613 -0.0002039411 0.0000638950 -0.0004399224 0.0029186005 -0.0011717565 0.0004944985 0.0018533571 -0.0005812874 0.0039618940 -0.0009805017 0.0002013851 -0.0000375007  
-0.0004965238 0.0004205725 0.0002787241 -0.0003323684 -0.0003830332 -0.0005089937 0.0001893193 0.0005974552 -0.0003221500 -0.0011717565 0.0029006678 -0.0013560711 0.0014595607 0.0003801820 -0.0045624643 0.0012026560 0.0002598144 0.0000204245  
0.0003876346 -0.0000084030 -0.0000698762 0.0002003990 0.0001817704 -0.0001134824 0.0003966029 -0.0001803676 0.0002149645 0.0004944985 -0.0013560711 0.0008433090 -0.0002787893 -0.0001588089 0.0019959175 -0.0007157914 -0.0001420854 0.0000429894  
-0.0001468626 0.0113984324 -0.0003007172 -0.0010469983 -0.0025232019 0.0001235882 0.0006433818 0.0018270473 -0.0004891285 0.0018533571 0.0014595607 -0.0002787893 0.0295892400 0.0021722506 -0.0006200671 -0.0002136591 0.0006112567 0.0029042580  
-0.0000860115 -0.0015595799 0.0003357292 -0.0014767846 -0.0008949729 0.0002106156 0.0001795629 -0.0005006077 -0.0003776283 -0.0005812874 0.0003801820 -0.0001588089 0.0021722506 0.0231467385 -0.0015306940 0.0002340748 -0.0009308033 0.0027121842  
0.0009356218 0.0003443014 -0.0008473167 0.0003726573 0.0003353695 0.0010425772 -0.0001448546 -0.0006356377 0.0000336014 0.0039618940 -0.0045624643 0.0019959175 -0.0006200671 -0.0015306940 0.0108045607 -0.0017462911 -0.0000588522 -0.0001688509  
-0.0002202462 -0.0001123439 0.0001599809 -0.0000310507 -0.0000272937 -0.0005851910 0.0003600042 0.0002086481 -0.0000097138 -0.0009805017 0.0012026560 -0.0007157914 -0.0002136591 0.0002340748 -0.0017462911 0.0010571487 0.0000495599 0.0000151871  
0.0000145133 0.0002145464 0.0000250312 -0.0002285049 -0.0000324356 -0.0000694439 0.0002163569 0.0001907795 -0.0001102681 0.0002013851 0.0002598144 -0.0001420854 0.0006112567 -0.0009308033 -0.0000588522 0.0000495599 0.0003423918 -0.0003112611  
-0.0000843251 0.0012831588 -0.0000558238 -0.0000616002 -0.0005120824 0.0000959361 -0.0001037575 -0.0000262047 -0.0000212713 -0.0000375007 0.0000204245 0.0000429894 0.0029042580 0.0027121842 -0.0001688509 0.0000151871 -0.0003112611 0.0009971158  
