-0.0262186026 0.6612143838 -0.3835089108 0.4733254517 -0.0360132837 -0.0257530570 -0.2356512247 -0.4508459814 -0.0356226419 -0.5008852267 -0.2639974399 -0.0328383373 0.3127476726 0.4811290712 -0.0250576248 0.3469086066 -0.0255547338 -0.0241452469 -0.0085286513  
0.1266058900 -0.2198535006 -0.0423097017 -0.0265364917 0.0922545905 -0.1548932894 0.0535651478 -0.0837037871 0.2304970821 -0.2437001137 -0.0484992446 0.1248625524 -0.1158851677 -0.0762763938 -0.0529685513 0.1087258182 -0.0719822683 -0.1792246752 0.1318464436  
-0.0015386315 -0.0139975940 0.0504381657 0.0026002235 -0.0042095209 0.0082908593 0.0325588611 -0.0275225394 -0.0045565201 0.0252212635 -0.5644029813 -0.0015697328 0.3436045908 -0.0441394178 0.0046243821 -0.0524359554 0.0091706925 0.0108514351 0.0054416131  
-0.0323882287 0.0788783338 0.0833646334 -0.0257770956 -0.0285408730 0.0391677657 -0.0006421787 0.0331492195 -0.0459864352 0.0768413759 0.0025001238 -0.0464133144 -0.1040808827 0.0708001866 -0.0065204630 0.0112813095 -0.0025361466 0.0046313990 0.0283513590  
0.0325793249 -0.1344469838 -0.1627699441 0.0949692277 0.0076458557 0.0425990030 -0.0163465214 -0.0246876963 -0.0500711248 -0.1057543434 0.0529695217 -0.0732759248 0.0012973341 -0.1585091052 0.0181012130 0.0112568866 0.1199863020 0.1084018038 0.0243497376  
0.0060155548 0.0467514542 -0.0702586836 -0.0086461014 0.0210168547 -0.0097866991 0.0244224647 0.0292407777 0.0013159541 -0.0556620632 0.0932907652 0.0021858310 -0.0111765028 -0.0031027796 -0.0049705535 -0.0380697608 0.0033368169 -0.0016615637 0.0007727977  
0.0067153680 -0.0401121393 -0.0264515652 0.0117288214 -0.0186345675 -0.0190858830 -0.0297286280 0.0361744446 0.0158839649 0.0353994601 0.1299186817 0.0093746714 -0.0418761854 0.0122148975 -0.0027116246 0.0382189382 -0.0118239008 -0.0133954844 -0.0099224533  
0.0187542522 0.1111324494 -0.0858307294 -0.0195674123 -0.0152428759 -0.0480589306 0.1057487697 0.2008187176 -0.0090404132 -0.0668023845 0.0493099618 -0.0522732494 -0.0152307501 0.0073032424 -0.0464054596 -0.0496007668 0.0221855449 -0.0141746614 0.0165750884  
0.0012475994 -0.0218629661 0.0128058992 -0.0293367559 -0.0024767583 -0.0077290972 0.0190346119 0.0050833740 -0.0060953697 -0.0514613998 -0.0025318235 -0.0088906264 -0.0051948159 0.0201724170 0.0040871737 -0.0092375055 0.0155618489 0.0118691884 0.0347256718  
0.0158204238 0.0094491663 -0.0025483190 0.0358079485 -0.0237734174 0.0033217607 0.0156599396 0.0140585982 -0.0040104446 0.0583697704 -0.0302792347 -0.0329755362 0.0009703465 -0.0202573316 -0.0384763537 0.0402019690 0.0089455448 -0.0092476115 0.0119746790  
0.0112404272 0.0296719575 0.0151919489 0.0381818774 -0.0098709126 0.0024526252 0.0159364197 -0.0362507988 -0.0019704716 0.0331921213 0.0159317595 -0.0161417052 -0.0130775603 -0.0313791093 -0.0237758943 0.0034764721 0.0095681634 -0.0065440795 0.0042913769  
0.0046759807 0.0583438143 0.0350544075 -0.0083125787 0.0112606722 -0.0063220091 -0.0097761222 -0.0492663576 0.0115477094 -0.0172349460 -0.0125751978 0.0152627123 -0.0201091522 -0.0780896219 0.0201691460 -0.0408512411 0.0028170660 0.0055210057 -0.0026182483  
0.3768731359 -0.0494373136 -0.2803752673 0.1864635145 0.0427626023 -0.2366718901 0.1481180239 0.1260171169 0.0892369206 -0.1465654528 0.1857985480 -0.3177849815 0.0358372202 -0.2132195204 -0.4015127110 0.0470170902 0.3069089808 -0.0329615211 0.0606066673  
-0.0676687753 0.0137296941 -0.0111661927 0.0281360949 -0.0328496613 0.1712344963 0.0300731480 -0.0473334106 -0.0847926064 0.0292984326 -0.0400783777 0.0047250592 0.0541384113 -0.0107332314 0.0475434833 0.0363188265 -0.0082698509 0.0355832237 -0.1041216109  
0.0105019671 -0.0054248149 0.0320941831 0.0256339600 -0.0041260511 -0.0031744756 -0.0540727828 -0.0050109433 0.0048755719 0.0159791970 0.1040155633 -0.0109792421 -0.0634620072 -0.0451923512 -0.0046989094 0.0514343897 0.0019324369 0.0050483872 -0.0039231119  
0.0013782307 0.0026759412 -0.0187188159 -0.0071988878 -0.0012395321 0.0155585204 0.0156568134 -0.0013317691 -0.0037549610 0.0030261921 -0.0651754773 -0.0073406842 0.0331418620 0.0156716010 -0.0064668561 -0.0090247315 0.0011705972 0.0072946662 -0.0064987490  
0.0021440126 -0.0265362019 0.0161670715 -0.0225328286 0.0139308792 -0.0521714302 0.0013411290 -0.0115473460 0.0430926300 -0.0221348908 -0.0258452589 0.0488380051 -0.0128945845 0.0113407219 -0.0037189500 0.0081672361 -0.0114678578 -0.0414199024 0.0125873775  
0.0227180068 -0.0255205902 0.0022829587 -0.0070139262 0.0142160789 0.0052961410 0.0120094398 -0.0193167806 0.0396690743 -0.0201892991 -0.0029353702 0.0170653112 -0.0168480905 -0.0075414987 -0.0096915060 0.0176947753 -0.0377884744 -0.0297708934 0.0041757191  
