0.0010320635 0.0001259446 0.0004364947 -0.0001503399 0.0001145396 -0.0017010559 0.0020530510 0.0002270247 0.0000791211 0.0003750711 -0.0006938644 0.0003366210 -0.0005729954 -0.0003633510 0.0011442099 -0.0002683166 0.0000697618 -0.0000829263  
0.0001259446 0.0050468761 -0.0000109955 0.0005247189 -0.0019362376 -0.0003333616 0.0000229394 -0.0003146480 0.0000239731 0.0000782086 0.0000154723 -0.0000996767 -0.0054442419 -0.0033069244 0.0001697040 0.0002683418 0.0005200658 0.0010849885  
0.0004364947 -0.0000109955 0.0012094083 -0.0000653353 0.0000413307 -0.0009408236 0.0014322532 0.0002109979 0.0002194007 -0.0001206402 0.0000366470 0.0000166333 0.0000547679 -0.0000714942 -0.0007070973 -0.0000199702 0.0000236712 -0.0000464408  
-0.0001503399 0.0005247189 -0.0000653353 0.0032081802 0.0012008228 -0.0002355572 -0.0008474999 0.0000829347 0.0006283524 0.0000620539 -0.0001659932 0.0000942572 -0.0004458266 -0.0038866018 0.0005518873 0.0002175978 -0.0007503040 -0.0000898762  
0.0001145396 -0.0019362376 0.0000413307 0.0012008228 0.0018038390 -0.0005884796 0.0001784563 0.0003961774 0.0004318336 -0.0001817014 -0.0003902350 0.0001468149 0.0019775046 -0.0020780162 0.0004995405 0.0000486042 -0.0006086438 -0.0007521487  
-0.0017010559 -0.0003333616 -0.0009408236 -0.0002355572 -0.0005884796 0.0062598361 -0.0051885697 -0.0012683593 -0.0003230506 0.0004457533 -0.0001372481 0.0001723296 0.0010298552 0.0021061350 0.0009390894 -0.0003219595 0.0000315377 0.0001485338  
0.0020530510 0.0000229394 0.0014322532 -0.0008474999 0.0001784563 -0.0051885697 0.0070076608 0.0009946007 0.0002116815 0.0001403117 -0.0004872682 0.0001298017 -0.0007700343 -0.0003519487 0.0005844650 0.0000067757 0.0003169162 -0.0001302380  
0.0002270247 -0.0003146480 0.0002109979 0.0000829347 0.0003961774 -0.0012683593 0.0009946007 0.0004901022 0.0000010265 -0.0000269700 0.0003069415 -0.0001352557 0.0003317275 -0.0009925372 -0.0005374072 0.0001188361 -0.0001128130 -0.0001570783  
0.0000791211 0.0000239731 0.0002194007 0.0006283524 0.0004318336 -0.0003230506 0.0002116815 0.0000010265 0.0006451555 -0.0002454170 -0.0003075504 0.0001735211 0.0002248303 -0.0011756879 0.0002137402 0.0000032511 -0.0001904337 -0.0001253627  
0.0003750711 0.0000782086 -0.0001206402 0.0000620539 -0.0001817014 0.0004457533 0.0001403117 -0.0000269700 -0.0002454170 0.0025180173 -0.0011852433 0.0005141585 -0.0000452442 0.0003507335 0.0039998666 -0.0006126979 -0.0000967906 0.0002331534  
-0.0006938644 0.0000154723 0.0000366470 -0.0001659932 -0.0003902350 -0.0001372481 -0.0004872682 0.0003069415 -0.0003075504 -0.0011852433 0.0031228402 -0.0013866010 0.0003295952 0.0008123205 -0.0054705546 0.0009900589 0.0000983943 0.0001659768  
0.0003366210 -0.0000996767 0.0000166333 0.0000942572 0.0001468149 0.0001723296 0.0001298017 -0.0001352557 0.0001735211 0.0005141585 -0.0013866010 0.0010053376 0.0001657999 0.0000355932 0.0023325444 -0.0008396079 -0.0001069603 -0.0000421648  
-0.0005729954 -0.0054442419 0.0000547679 -0.0004458266 0.0019775046 0.0010298552 -0.0007700343 0.0003317275 0.0002248303 -0.0000452442 0.0003295952 0.0001657999 0.0153607748 0.0084927231 -0.0009636313 -0.0004379918 -0.0005858018 -0.0007600596  
-0.0003633510 -0.0033069244 -0.0000714942 -0.0038866018 -0.0020780162 0.0021061350 -0.0003519487 -0.0009925372 -0.0011756879 0.0003507335 0.0008123205 0.0000355932 0.0084927231 0.0224873089 -0.0015668299 -0.0008244154 0.0009094295 0.0011525757  
0.0011442099 0.0001697040 -0.0007070973 0.0005518873 0.0004995405 0.0009390894 0.0005844650 -0.0005374072 0.0002137402 0.0039998666 -0.0054705546 0.0023325444 -0.0009636313 -0.0015668299 0.0140760323 -0.0012570459 -0.0001528508 -0.0000642690  
-0.0002683166 0.0002683418 -0.0000199702 0.0002175978 0.0000486042 -0.0003219595 0.0000067757 0.0001188361 0.0000032511 -0.0006126979 0.0009900589 -0.0008396079 -0.0004379918 -0.0008244154 -0.0012570459 0.0011929697 0.0000811177 -0.0000159832  
0.0000697618 0.0005200658 0.0000236712 -0.0007503040 -0.0006086438 0.0000315377 0.0003169162 -0.0001128130 -0.0001904337 -0.0000967906 0.0000983943 -0.0001069603 -0.0005858018 0.0009094295 -0.0001528508 0.0000811177 0.0004667313 0.0000595973  
-0.0000829263 0.0010849885 -0.0000464408 -0.0000898762 -0.0007521487 0.0001485338 -0.0001302380 -0.0001570783 -0.0001253627 0.0002331534 0.0001659768 -0.0000421648 -0.0007600596 0.0011525757 -0.0000642690 -0.0000159832 0.0000595973 0.0006097093  
0.0046052660 0.0000700563 0.0000293608 -0.0007135547 0.0000398129 0.0009471408 -0.0004452370 0.0015707317 0.0010774024 -0.0007504567 -0.0002108931 -0.0005626730 0.0032511788 0.0004228087 0.0008746718 -0.0004021280 -0.0002326901 0.0000714990  
0.0000700563 0.0043124497 0.0012796898 -0.0022363132 0.0066703041 -0.0014141620 -0.0003727356 -0.0032059501 -0.0016670703 0.0009579494 0.0009026637 -0.0009114039 0.0046357969 -0.0022998837 0.0011425380 -0.0001267115 0.0000261738 -0.0001626347  
0.0000293608 0.0012796898 0.0011006112 -0.0010860427 0.0028712289 -0.0005651181 -0.0003392890 -0.0013347321 -0.0005194607 0.0002652817 0.0003525048 -0.0003137988 0.0026479077 -0.0004601913 0.0004798015 0.0000235050 -0.0001109410 -0.0001149006  
-0.0007135547 -0.0022363132 -0.0010860427 0.0025862319 -0.0046893529 0.0005344714 0.0003646068 0.0021085473 0.0006787966 -0.0002467970 -0.0008854336 0.0005231750 -0.0052387643 0.0005168369 -0.0009991128 0.0001807051 0.0001376557 0.0000972228  
0.0000398129 0.0066703041 0.0028712289 -0.0046893529 0.0133547382 -0.0030295779 -0.0009407370 -0.0064324264 -0.0032140543 0.0015777818 0.0015756260 -0.0019692904 0.0102855161 -0.0033580049 0.0021874592 -0.0001927134 -0.0003137651 -0.0004264872  
0.0009471408 -0.0014141620 -0.0005651181 0.0005344714 -0.0030295779 0.0012974446 0.0002034433 0.0018007499 0.0011519705 -0.0007221516 -0.0001356969 0.0005921593 -0.0010523023 0.0010994293 -0.0003024773 -0.0000746044 0.0000664444 0.0001420044  
-0.0004452370 -0.0003727356 -0.0003392890 0.0003646068 -0.0009407370 0.0002034433 0.0004193746 0.0002038763 0.0003400616 -0.0002009074 -0.0000553695 0.0002176162 -0.0013749652 0.0001096102 -0.0003130630 0.0000354735 0.0000859098 0.0000021248  
0.0015707317 -0.0032059501 -0.0013347321 0.0021085473 -0.0064324264 0.0018007499 0.0002038763 0.0038765690 0.0016773453 -0.0009986283 -0.0008090516 0.0009026150 -0.0036433378 0.0017070649 -0.0007181415 -0.0000475623 0.0000605512 0.0002224234  
0.0010774024 -0.0016670703 -0.0005194607 0.0006787966 -0.0032140543 0.0011519705 0.0003400616 0.0016773453 0.0018495686 -0.0009610441 -0.0003950879 0.0002999970 -0.0017695092 0.0012219284 -0.0004975087 -0.0000159659 0.0000201097 0.0001194070  
-0.0007504567 0.0009579494 0.0002652817 -0.0002467970 0.0015777818 -0.0007221516 -0.0002009074 -0.0009986283 -0.0009610441 0.0011003667 0.0003358510 -0.0000674992 0.0009675112 -0.0003151164 0.0004153529 -0.0000208633 -0.0000410960 0.0000280506  
-0.0002108931 0.0009026637 0.0003525048 -0.0008854336 0.0015756260 -0.0001356969 -0.0000553695 -0.0008090516 -0.0003950879 0.0003358510 0.0005937264 0.0001886142 0.0018164972 -0.0000600742 0.0003626991 -0.0000757315 -0.0000233171 0.0000083916  
-0.0005626730 -0.0009114039 -0.0003137988 0.0005231750 -0.0019692904 0.0005921593 0.0002176162 0.0009026150 0.0002999970 -0.0000674992 0.0001886142 0.0009995846 -0.0013259680 0.0005949742 -0.0002619574 0.0000210990 0.0000626738 0.0000677980  
0.0032511788 0.0046357969 0.0026479077 -0.0052387643 0.0102855161 -0.0010523023 -0.0013749652 -0.0036433378 -0.0017695092 0.0009675112 0.0018164972 -0.0013259680 0.0143336910 0.0000102801 0.0027478971 -0.0005455214 -0.0006027239 -0.0000208131  
0.0004228087 -0.0022998837 -0.0004601913 0.0005168369 -0.0033580049 0.0010994293 0.0001096102 0.0017070649 0.0012219284 -0.0003151164 -0.0000600742 0.0005949742 0.0000102801 0.0031559202 -0.0004855245 -0.0000927545 -0.0001344545 0.0003051826  
0.0008746718 0.0011425380 0.0004798015 -0.0009991128 0.0021874592 -0.0003024773 -0.0003130630 -0.0007181415 -0.0004975087 0.0004153529 0.0003626991 -0.0002619574 0.0027478971 -0.0004855245 0.0009730517 -0.0001037792 -0.0000999459 -0.0000156127  
-0.0004021280 -0.0001267115 0.0000235050 0.0001807051 -0.0001927134 -0.0000746044 0.0000354735 -0.0000475623 -0.0000159659 -0.0000208633 -0.0000757315 0.0000210990 -0.0005455214 -0.0000927545 -0.0001037792 0.0001060938 0.0000253158 -0.0000215178  
-0.0002326901 0.0000261738 -0.0001109410 0.0001376557 -0.0003137651 0.0000664444 0.0000859098 0.0000605512 0.0000201097 -0.0000410960 -0.0000233171 0.0000626738 -0.0006027239 -0.0001344545 -0.0000999459 0.0000253158 0.0001085579 -0.0000054280  
0.0000714990 -0.0001626347 -0.0001149006 0.0000972228 -0.0004264872 0.0001420044 0.0000021248 0.0002224234 0.0001194070 0.0000280506 0.0000083916 0.0000677980 -0.0000208131 0.0003051826 -0.0000156127 -0.0000215178 -0.0000054280 0.0000992608  
0.0091469874 0.0116249694 -0.0024587268 0.0020537864 0.0052249446 0.0040663779 -0.0013352518 0.0085065271 0.0026067885 -0.0007597210 0.0003667657 0.0006095557 0.0017376753 -0.0043471766 -0.0018638513 0.0002448159 0.0007788558 0.0006872889  
0.0116249694 0.0204431981 -0.0046916225 0.0047273843 0.0068148014 0.0058010165 -0.0021820033 0.0132494193 0.0039022339 -0.0010836936 0.0015029589 0.0014724445 0.0062691553 -0.0057407145 -0.0029837148 0.0004817264 0.0014441849 0.0016129933  
-0.0024587268 -0.0046916225 0.0043236128 0.0016257558 -0.0036182546 -0.0023110939 -0.0004691267 -0.0055798843 0.0007090213 -0.0004556890 0.0006157522 0.0011727700 -0.0023184048 0.0044256644 -0.0004220027 0.0003265372 -0.0001442358 -0.0001957650  
0.0020537864 0.0047273843 0.0016257558 0.0074039056 -0.0003408535 -0.0005816199 -0.0020297995 -0.0000190833 0.0029465691 -0.0021410000 0.0010411245 0.0031857044 -0.0003999382 0.0018260281 -0.0012473084 0.0003856984 0.0000992267 0.0006289592  
0.0052249446 0.0068148014 -0.0036182546 -0.0003408535 0.0067837020 0.0044819378 0.0002574856 0.0082239168 0.0007987203 -0.0010356762 -0.0019560579 -0.0017332764 0.0027138915 -0.0051655517 -0.0007248819 0.0002722082 0.0001496290 -0.0000474956  
0.0040663779 0.0058010165 -0.0023110939 -0.0005816199 0.0044819378 0.0050618877 0.0012807633 0.0062479865 0.0005407155 -0.0006147918 -0.0010483171 -0.0010884355 0.0025826914 -0.0035932435 -0.0008130246 0.0000782928 0.0005387735 -0.0000360865  
-0.0013352518 -0.0021820033 -0.0004691267 -0.0020297995 0.0002574856 0.0012807633 0.0019229005 -0.0001544936 -0.0012912781 0.0006819710 -0.0004573632 -0.0010426887 -0.0000636532 -0.0009503315 0.0003225281 -0.0001957059 -0.0000257922 -0.0003653685  
0.0085065271 0.0132494193 -0.0055798843 -0.0000190833 0.0082239168 0.0062479865 -0.0001544936 0.0129345426 0.0010160347 -0.0006111045 -0.0009059760 -0.0010388819 0.0047907248 -0.0077275412 -0.0012127850 0.0002708886 0.0008076475 0.0005101203  
0.0026067885 0.0039022339 0.0007090213 0.0029465691 0.0007987203 0.0005407155 -0.0012912781 0.0010160347 0.0029919748 -0.0015101059 0.0001328400 0.0007929528 0.0011465669 0.0015506956 -0.0015586731 0.0003982296 0.0002487919 0.0003027751  
-0.0007597210 -0.0010836936 -0.0004556890 -0.0021410000 -0.0010356762 -0.0006147918 0.0006819710 -0.0006111045 -0.0015101059 0.0025032759 0.0013884292 -0.0005995948 -0.0012712077 -0.0013893119 0.0006312845 -0.0002146300 -0.0000036878 0.0000727731  
0.0003667657 0.0015029589 0.0006157522 0.0010411245 -0.0019560579 -0.0010483171 -0.0004573632 -0.0009059760 0.0001328400 0.0013884292 0.0023696866 0.0013162395 -0.0004157625 0.0005199803 -0.0005190642 0.0000456730 0.0002536575 0.0004914845  
0.0006095557 0.0014724445 0.0011727700 0.0031857044 -0.0017332764 -0.0010884355 -0.0010426887 -0.0010388819 0.0007929528 -0.0005995948 0.0013162395 0.0025720675 -0.0006284309 0.0015035670 -0.0002957989 0.0000243174 0.0002228362 0.0003769986  
0.0017376753 0.0062691553 -0.0023184048 -0.0003999382 0.0027138915 0.0025826914 -0.0000636532 0.0047907248 0.0011465669 -0.0012712077 -0.0004157625 -0.0006284309 0.0135293395 0.0025454924 -0.0024748057 0.0007407915 0.0005078325 0.0006774885  
-0.0043471766 -0.0057407145 0.0044256644 0.0018260281 -0.0051655517 -0.0035932435 -0.0009503315 -0.0077275412 0.0015506956 -0.0013893119 0.0005199803 0.0015035670 0.0025454924 0.0116217620 -0.0014495836 0.0004723298 -0.0000278140 0.0000496258  
-0.0018638513 -0.0029837148 -0.0004220027 -0.0012473084 -0.0007248819 -0.0008130246 0.0003225281 -0.0012127850 -0.0015586731 0.0006312845 -0.0005190642 -0.0002957989 -0.0024748057 -0.0014495836 0.0049498741 -0.0002204598 -0.0000610990 -0.0004763501  
0.0002448159 0.0004817264 0.0003265372 0.0003856984 0.0002722082 0.0000782928 -0.0001957059 0.0002708886 0.0003982296 -0.0002146300 0.0000456730 0.0000243174 0.0007407915 0.0004723298 -0.0002204598 0.0004542488 0.0000392451 0.0000394699  
0.0007788558 0.0014441849 -0.0001442358 0.0000992267 0.0001496290 0.0005387735 -0.0000257922 0.0008076475 0.0002487919 -0.0000036878 0.0002536575 0.0002228362 0.0005078325 -0.0000278140 -0.0000610990 0.0000392451 0.0004289180 -0.0000381736  
0.0006872889 0.0016129933 -0.0001957650 0.0006289592 -0.0000474956 -0.0000360865 -0.0003653685 0.0005101203 0.0003027751 0.0000727731 0.0004914845 0.0003769986 0.0006774885 0.0000496258 -0.0004763501 0.0000394699 -0.0000381736 0.0004091962  
0.0226300266 0.0053603726 0.0037328747 0.0008035202 -0.0016617128 0.0024253280 -0.0059589817 0.0002907566 -0.0022711056 0.0002184181 0.0009138219 -0.0020242544 -0.0028624566 -0.0064297166 -0.0030533370 0.0014216957 0.0011507547 -0.0003045591  
0.0053603726 0.0125154804 0.0019140643 -0.0016727340 0.0015622466 0.0007769980 -0.0017733964 -0.0005643579 -0.0014571685 0.0016160715 0.0005608018 -0.0035775261 0.0085058944 -0.0056167100 0.0005840910 0.0006878707 0.0012866959 0.0010497289  
0.0037328747 0.0019140643 0.0016106940 -0.0006424030 0.0003542633 0.0002876595 -0.0009725430 0.0000467430 -0.0003152470 0.0003855853 0.0005596106 -0.0004861370 0.0020339632 -0.0005320080 -0.0001915657 0.0004494703 0.0002642801 0.0001045724  
0.0008035202 -0.0016727340 -0.0006424030 0.0012954409 -0.0008142557 -0.0000537278 -0.0001735991 0.0000034597 0.0001584785 -0.0004849026 -0.0004650692 0.0002229907 -0.0034677616 -0.0000272864 -0.0007242933 -0.0001079876 -0.0001875555 -0.0001537860  
-0.0016617128 0.0015622466 0.0003542633 -0.0008142557 0.0024763033 -0.0003058790 0.0003995840 -0.0002893900 0.0003132421 -0.0003666256 -0.0002891805 -0.0010690747 0.0031927616 -0.0004221806 0.0005057420 -0.0001159866 -0.0000877423 -0.0001564039  
0.0024253280 0.0007769980 0.0002876595 -0.0000537278 -0.0003058790 0.0007061643 -0.0008561460 0.0001626784 -0.0005567399 0.0002887033 0.0003231904 -0.0001411231 0.0004236147 -0.0012153746 -0.0001567305 0.0001490602 0.0002079326 -0.0001221785  
-0.0059589817 -0.0017733964 -0.0009725430 -0.0001735991 0.0003995840 -0.0008561460 0.0019507863 -0.0000211650 0.0007894642 -0.0001974922 -0.0003310204 0.0007228997 0.0002370294 0.0022630372 0.0008399585 -0.0003864023 -0.0003629042 0.0001426153  
0.0002907566 -0.0005643579 0.0000467430 0.0000034597 -0.0002893900 0.0001626784 -0.0000211650 0.0003401684 -0.0001618977 0.0002440325 0.0003114588 0.0005155405 0.0003141738 0.0003874473 0.0001409439 0.0000242079 -0.0000434109 -0.0000172942  
-0.0022711056 -0.0014571685 -0.0003152470 0.0001584785 0.0003132421 -0.0005567399 0.0007894642 -0.0001618977 0.0008573524 -0.0005991257 -0.0004906323 0.0000477207 -0.0007268439 0.0012797988 0.0000131825 -0.0001823506 -0.0002634732 -0.0000569782  
0.0002184181 0.0016160715 0.0003855853 -0.0004849026 -0.0003666256 0.0002887033 -0.0001974922 0.0002440325 -0.0005991257 0.0014648998 0.0010404864 0.0005424859 0.0028818067 -0.0000787556 0.0006976288 0.0001826378 0.0002676777 0.0003275349  
0.0009138219 0.0005608018 0.0005596106 -0.0004650692 -0.0002891805 0.0003231904 -0.0003310204 0.0003114588 -0.0004906323 0.0010404864 0.0010206242 0.0007280570 0.0021251424 0.0000928362 0.0004421287 0.0002081033 0.0001532566 0.0001395910  
-0.0020242544 -0.0035775261 -0.0004861370 0.0002229907 -0.0010690747 -0.0001411231 0.0007228997 0.0005155405 0.0000477207 0.0005424859 0.0007280570 0.0023100597 -0.0010769493 0.0023967447 0.0004428588 -0.0001090898 -0.0003083641 -0.0000294218  
-0.0028624566 0.0085058944 0.0020339632 -0.0034677616 0.0031927616 0.0004236147 0.0002370294 0.0003141738 -0.0007268439 0.0028818067 0.0021251424 -0.0010769493 0.0173164124 -0.0007035028 0.0031077855 0.0003835559 0.0006505784 0.0007863991  
-0.0064297166 -0.0056167100 -0.0005320080 -0.0000272864 -0.0004221806 -0.0012153746 0.0022630372 0.0003874473 0.0012797988 -0.0000787556 0.0000928362 0.0023967447 -0.0007035028 0.0081777174 0.0002627960 -0.0003867347 -0.0008511438 0.0003527030  
-0.0030533370 0.0005840910 -0.0001915657 -0.0007242933 0.0005057420 -0.0001567305 0.0008399585 0.0001409439 0.0000131825 0.0006976288 0.0004421287 0.0004428588 0.0031077855 0.0002627960 0.0019145727 0.0000511586 0.0000768145 0.0001141401  
0.0014216957 0.0006878707 0.0004494703 -0.0001079876 -0.0001159866 0.0001490602 -0.0003864023 0.0000242079 -0.0001823506 0.0001826378 0.0002081033 -0.0001090898 0.0003835559 -0.0003867347 0.0000511586 0.0002526995 0.0001196889 0.0000618415  
0.0011507547 0.0012866959 0.0002642801 -0.0001875555 -0.0000877423 0.0002079326 -0.0003629042 -0.0000434109 -0.0002634732 0.0002676777 0.0001532566 -0.0003083641 0.0006505784 -0.0008511438 0.0000768145 0.0001196889 0.0002717362 0.0000510001  
-0.0003045591 0.0010497289 0.0001045724 -0.0001537860 -0.0001564039 -0.0001221785 0.0001426153 -0.0000172942 -0.0000569782 0.0003275349 0.0001395910 -0.0000294218 0.0007863991 0.0003527030 0.0001141401 0.0000618415 0.0000510001 0.0003576455  
0.0013457324 -0.0010046670 -0.0001261284 0.0000078379 0.0005293589 -0.0022546274 0.0020801700 0.0002940535 0.0000399844 0.0003936025 -0.0009372472 0.0005761013 -0.0004840786 0.0008374816 0.0015629095 -0.0005900792 -0.0002186930 -0.0001860396  
-0.0010046670 0.0242664323 0.0001724364 0.0117473349 -0.0041095644 0.0022647854 -0.0015501948 0.0000982408 -0.0003241756 0.0013804860 0.0006480881 0.0004513896 0.0080534825 -0.0192041130 0.0003052458 -0.0006316747 0.0010595600 0.0040953173  
-0.0001261284 0.0001724364 0.0116134099 0.0056800578 0.0007634616 0.0079026184 0.0066089857 -0.0011676465 0.0012628794 -0.0002603506 0.0009788858 -0.0000264201 0.0002329524 -0.0006343827 -0.0044660606 0.0001362814 -0.0005804855 0.0000858595  
0.0000078379 0.0117473349 0.0056800578 0.0361735360 0.0066406582 0.0029570966 0.0029063974 -0.0017278237 0.0021180928 0.0006856776 0.0005254511 0.0010867309 -0.0163368208 -0.0201719551 0.0020204483 0.0008095375 -0.0057065906 0.0030504271  
0.0005293589 -0.0041095644 0.0007634616 0.0066406582 0.0055219442 -0.0009262865 0.0008952380 0.0012308294 0.0006079753 0.0001148790 0.0000144646 0.0001055899 0.0063420314 -0.0030170128 0.0005940966 0.0002134712 -0.0025245677 -0.0007374846  
-0.0022546274 0.0022647854 0.0079026184 0.0029570966 -0.0009262865 0.0212734633 0.0057824811 -0.0040440889 0.0017878207 0.0007041419 0.0012228494 -0.0002453112 0.0064904552 0.0008294816 -0.0013532318 -0.0003643859 0.0009684832 0.0001526917  
0.0020801700 -0.0015501948 0.0066089857 0.0029063974 0.0008952380 0.0057824811 0.0146293801 -0.0014300948 0.0015129757 0.0001938090 -0.0001407030 0.0004735805 -0.0014871925 0.0023625924 0.0003758845 -0.0006577467 0.0001586345 -0.0004326148  
0.0002940535 0.0000982408 -0.0011676465 -0.0017278237 0.0012308294 -0.0040440889 -0.0014300948 0.0023889666 -0.0011266646 -0.0000369753 0.0004528880 0.0000958718 0.0103033376 -0.0019934172 -0.0012794178 -0.0001813230 -0.0003140598 -0.0001455458  
0.0000399844 -0.0003241756 0.0012628794 0.0021180928 0.0006079753 0.0017878207 0.0015129757 -0.0011266646 0.0046029308 0.0008880964 0.0007188934 0.0000220703 0.0000099070 -0.0009034153 -0.0000335508 0.0000094620 -0.0006382208 0.0000603428  
0.0003936025 0.0013804860 -0.0002603506 0.0006856776 0.0001148790 0.0007041419 0.0001938090 -0.0000369753 0.0008880964 0.0029868965 -0.0010198161 -0.0001202235 0.0056771798 0.0007879021 0.0038419995 -0.0006669812 -0.0003035210 0.0005365433  
-0.0009372472 0.0006480881 0.0009788858 0.0005254511 0.0000144646 0.0012228494 -0.0001407030 0.0004528880 0.0007188934 -0.0010198161 0.0038066193 -0.0006582813 0.0035620937 -0.0006872565 -0.0056073498 0.0013022260 -0.0002034007 0.0003204585  
0.0005761013 0.0004513896 -0.0000264201 0.0010867309 0.0001055899 -0.0002453112 0.0004735805 0.0000958718 0.0000220703 -0.0001202235 -0.0006582813 0.0019932801 -0.0011576180 -0.0009398399 0.0012502101 -0.0014053056 -0.0003277664 0.0001304835  
-0.0004840786 0.0080534825 0.0002329524 -0.0163368208 0.0063420314 0.0064904552 -0.0014871925 0.0103033376 0.0000099070 0.0056771798 0.0035620937 -0.0011576180 0.1522097413 0.0122271484 -0.0023054646 -0.0018794379 0.0026680942 -0.0007189696  
0.0008374816 -0.0192041130 -0.0006343827 -0.0201719551 -0.0030170128 0.0008294816 0.0023625924 -0.0019934172 -0.0009034153 0.0007879021 -0.0006872565 -0.0009398399 0.0122271484 0.0668697004 0.0034335041 0.0016720943 0.0029516710 -0.0009493361  
0.0015629095 0.0003052458 -0.0044660606 0.0020204483 0.0005940966 -0.0013532318 0.0003758845 -0.0012794178 -0.0000335508 0.0038419995 -0.0056073498 0.0012502101 -0.0023054646 0.0034335041 0.0328273640 0.0027706282 0.0008015437 -0.0002168111  
-0.0005900792 -0.0006316747 0.0001362814 0.0008095375 0.0002134712 -0.0003643859 -0.0006577467 -0.0001813230 0.0000094620 -0.0006669812 0.0013022260 -0.0014053056 -0.0018794379 0.0016720943 0.0027706282 0.0040248671 0.0001905311 0.0000258778  
-0.0002186930 0.0010595600 -0.0005804855 -0.0057065906 -0.0025245677 0.0009684832 0.0001586345 -0.0003140598 -0.0006382208 -0.0003035210 -0.0002034007 -0.0003277664 0.0026680942 0.0029516710 0.0008015437 0.0001905311 0.0029509693 -0.0011024492  
-0.0001860396 0.0040953173 0.0000858595 0.0030504271 -0.0007374846 0.0001526917 -0.0004326148 -0.0001455458 0.0000603428 0.0005365433 0.0003204585 0.0001304835 -0.0007189696 -0.0009493361 -0.0002168111 0.0000258778 -0.0011024492 0.0019678925  
0.0022459371 -0.0003092702 0.0005960996 -0.0005403492 -0.0002666165 -0.0025104762 0.0028954759 0.0008771600 0.0002390944 0.0005899968 -0.0012493117 0.0005499635 0.0002261407 0.0004861907 0.0008597112 -0.0016924387 -0.0003043715 0.0001136499  
-0.0003092702 0.0030861378 0.0000964582 0.0010522747 -0.0004217047 -0.0001240994 -0.0000781699 0.0001231163 -0.0001435196 -0.0005097996 0.0005006872 0.0000939266 -0.0079743692 -0.0002363921 -0.0012074076 0.0003399973 0.0009405655 0.0000263850  
0.0005960996 0.0000964582 0.0019778439 0.0002730129 -0.0002293446 -0.0005627629 0.0027855239 0.0006174569 0.0004570832 -0.0011266140 0.0013216864 0.0002630900 -0.0003907405 0.0004300788 -0.0042685041 0.0004616130 -0.0000112694 0.0001137050  
-0.0005403492 0.0010522747 0.0002730129 0.0026335214 0.0002987300 0.0002490550 -0.0004389472 -0.0001923009 -0.0000141238 -0.0006547881 0.0007922587 -0.0001103072 -0.0012300927 0.0009202341 -0.0014978077 0.0007539575 -0.0000248619 0.0001893858  
-0.0002666165 -0.0004217047 -0.0002293446 0.0002987300 0.0005186515 0.0004276720 -0.0007293993 -0.0001160199 -0.0000145056 0.0000818507 -0.0000571792 -0.0000852561 0.0021998902 -0.0001222586 0.0006240496 0.0002009987 -0.0002357087 -0.0000319072  
-0.0025104762 -0.0001240994 -0.0005627629 0.0002490550 0.0004276720 0.0043384216 -0.0033824959 -0.0014149382 -0.0001740500 -0.0005450801 0.0013511633 -0.0005057437 0.0007252582 -0.0007780794 0.0000273531 0.0024451595 0.0003777071 -0.0002054855  
0.0028954759 -0.0000781699 0.0027855239 -0.0004389472 -0.0007293993 -0.0033824959 0.0079469280 0.0019291909 0.0009323038 -0.0013402056 0.0013379057 0.0009292702 -0.0010882055 0.0006576764 -0.0062282914 -0.0007925720 -0.0001908948 0.0002670488  
0.0008771600 0.0001231163 0.0006174569 -0.0001923009 -0.0001160199 -0.0014149382 0.0019291909 0.0007862983 0.0001271860 -0.0002107451 0.0000935145 0.0002696391 -0.0002604137 -0.0000216794 -0.0013565704 -0.0006247471 -0.0000720625 0.0000425348  
0.0002390944 -0.0001435196 0.0004570832 -0.0000141238 -0.0000145056 -0.0001740500 0.0009323038 0.0001271860 0.0006219519 -0.0001963532 0.0003402056 0.0001404218 0.0001987704 -0.0000659779 -0.0009790709 0.0000562610 -0.0001568018 0.0000823770  
0.0005899968 -0.0005097996 -0.0011266140 -0.0006547881 0.0000818507 -0.0005450801 -0.0013402056 -0.0002107451 -0.0001963532 0.0023105624 -0.0026377300 0.0001628826 0.0013312851 -0.0007785234 0.0062388130 -0.0018205487 -0.0002784208 -0.0000758986  
-0.0012493117 0.0005006872 0.0013216864 0.0007922587 -0.0000571792 0.0013511633 0.0013379057 0.0000935145 0.0003402056 -0.0026377300 0.0041838713 -0.0004525142 -0.0008808453 -0.0004434196 -0.0083893516 0.0029868229 0.0003486778 0.0000441846  
0.0005499635 0.0000939266 0.0002630900 -0.0001103072 -0.0000852561 -0.0005057437 0.0009292702 0.0002696391 0.0001404218 0.0001628826 -0.0004525142 0.0005902572 -0.0005781648 0.0001332711 0.0004667834 -0.0008040041 -0.0000742282 0.0000377992  
0.0002261407 -0.0079743692 -0.0003907405 -0.0012300927 0.0021998902 0.0007252582 -0.0010882055 -0.0002604137 0.0001987704 0.0013312851 -0.0008808453 -0.0005781648 0.0282607208 0.0001123487 0.0034924578 -0.0002124852 -0.0025965787 -0.0002649921  
0.0004861907 -0.0002363921 0.0004300788 0.0009202341 -0.0001222586 -0.0007780794 0.0006576764 -0.0000216794 -0.0000659779 -0.0007785234 -0.0004434196 0.0001332711 0.0001123487 0.0155127531 -0.0019305471 -0.0004878433 0.0000676035 0.0007093067  
0.0008597112 -0.0012074076 -0.0042685041 -0.0014978077 0.0006240496 0.0000273531 -0.0062282914 -0.0013565704 -0.0009790709 0.0062388130 -0.0083893516 0.0004667834 0.0034924578 -0.0019305471 0.0246443523 -0.0033603769 -0.0003413221 -0.0004282871  
-0.0016924387 0.0003399973 0.0004616130 0.0007539575 0.0002009987 0.0024451595 -0.0007925720 -0.0006247471 0.0000562610 -0.0018205487 0.0029868229 -0.0008040041 -0.0002124852 -0.0004878433 -0.0033603769 0.0039822513 0.0004665258 -0.0000379224  
-0.0003043715 0.0009405655 -0.0000112694 -0.0000248619 -0.0002357087 0.0003777071 -0.0001908948 -0.0000720625 -0.0001568018 -0.0002784208 0.0003486778 -0.0000742282 -0.0025965787 0.0000676035 -0.0003413221 0.0004665258 0.0007596872 -0.0002792212  
0.0001136499 0.0000263850 0.0001137050 0.0001893858 -0.0000319072 -0.0002054855 0.0002670488 0.0000425348 0.0000823770 -0.0000758986 0.0000441846 0.0000377992 -0.0002649921 0.0007093067 -0.0004282871 -0.0000379224 -0.0002792212 0.0003085358  
0.0042264547 -0.0029260306 0.0029323422 -0.0004191041 0.0018745050 -0.0010545633 -0.0000471053 -0.0027556571 0.0000017868 -0.0003102436 0.0002061771 -0.0001021499 -0.0009125305 0.0001991021 -0.0015307888 0.0007091768 -0.0003510031 -0.0007090863  
-0.0029260306 0.0181407771 -0.0037010683 0.0057950660 -0.0053101431 -0.0020339850 -0.0017913951 0.0039675907 0.0001528756 -0.0010209650 0.0004955544 0.0006937110 -0.0041840058 -0.0052437466 0.0004589045 -0.0009433681 0.0015086225 0.0033683320  
0.0029323422 -0.0037010683 0.0050947335 0.0001741421 0.0018040869 0.0005054762 0.0011506754 -0.0023253947 0.0001419717 -0.0011816448 -0.0003045455 -0.0002386911 -0.0023121724 0.0004085256 -0.0011121671 0.0009828379 -0.0002631374 -0.0009701003  
-0.0004191041 0.0057950660 0.0001741421 0.0098025564 -0.0001908707 -0.0044704787 -0.0029392372 0.0000838802 0.0012201051 -0.0012830924 0.0012242349 0.0020652858 -0.0091513876 -0.0052717148 -0.0004102174 0.0000783072 -0.0009726286 0.0012659756  
0.0018745050 -0.0053101431 0.0018040869 -0.0001908707 0.0037873752 0.0000057163 -0.0004905912 -0.0004337314 -0.0000379741 -0.0009350294 -0.0006862160 -0.0005148661 0.0049769235 0.0008285476 -0.0016055412 0.0007578049 -0.0011919625 -0.0010737804  
-0.0010545633 -0.0020339850 0.0005054762 -0.0044704787 0.0000057163 0.0069151977 0.0041283997 0.0002910739 -0.0001078151 0.0003645403 -0.0009920055 -0.0017048318 0.0067076784 0.0036535615 0.0003897205 -0.0003176065 0.0006570228 -0.0005056447  
-0.0000471053 -0.0017913951 0.0011506754 -0.0029392372 -0.0004905912 0.0041283997 0.0034210276 -0.0006672317 -0.0004674858 0.0009953188 -0.0000439239 -0.0006742528 0.0020401859 0.0017467015 0.0004842564 -0.0002403807 0.0006423410 -0.0004192463  
-0.0027556571 0.0039675907 -0.0023253947 0.0000838802 -0.0004337314 0.0002910739 -0.0006672317 0.0051425023 -0.0008918766 0.0003193036 -0.0004065780 -0.0000229184 0.0075871223 -0.0019544166 -0.0001015510 -0.0004192398 0.0000012922 0.0007465475  
0.0000017868 0.0001528756 0.0001419717 0.0012201051 -0.0000379741 -0.0001078151 -0.0004674858 -0.0008918766 0.0018929484 -0.0007708927 -0.0000318434 -0.0000391040 -0.0020469017 0.0007790862 -0.0002413023 0.0001778563 -0.0001674096 0.0000812199  
-0.0003102436 -0.0010209650 -0.0011816448 -0.0012830924 -0.0009350294 0.0003645403 0.0009953188 0.0003193036 -0.0007708927 0.0037313156 0.0016513912 0.0009300551 0.0032232444 -0.0002773126 0.0010004468 -0.0007165669 0.0001802679 0.0000424027  
0.0002061771 0.0004955544 -0.0003045455 0.0012242349 -0.0006862160 -0.0009920055 -0.0000439239 -0.0004065780 -0.0000318434 0.0016513912 0.0014876616 0.0012245124 -0.0011602983 -0.0010553560 0.0001090255 -0.0003758242 -0.0000359492 0.0002636773  
-0.0001021499 0.0006937110 -0.0002386911 0.0020652858 -0.0005148661 -0.0017048318 -0.0006742528 -0.0000229184 -0.0000391040 0.0009300551 0.0012245124 0.0015424142 -0.0020563643 -0.0013781038 0.0002776557 -0.0002375936 -0.0001813575 0.0002752768  
-0.0009125305 -0.0041840058 -0.0023121724 -0.0091513876 0.0049769235 0.0067076784 0.0020401859 0.0075871223 -0.0020469017 0.0032232444 -0.0011602983 -0.0020563643 0.0513920957 0.0099207054 -0.0016682690 0.0001214022 0.0000046945 -0.0012014518  
0.0001991021 -0.0052437466 0.0004085256 -0.0052717148 0.0008285476 0.0036535615 0.0017467015 -0.0019544166 0.0007790862 -0.0002773126 -0.0010553560 -0.0013781038 0.0099207054 0.0160211572 0.0017662424 0.0008969672 0.0014163606 -0.0013308865  
-0.0015307888 0.0004589045 -0.0011121671 -0.0004102174 -0.0016055412 0.0003897205 0.0004842564 -0.0001015510 -0.0002413023 0.0010004468 0.0001090255 0.0002776557 -0.0016682690 0.0017662424 0.0072215045 0.0005507908 0.0012707735 -0.0003794184  
0.0007091768 -0.0009433681 0.0009828379 0.0000783072 0.0007578049 -0.0003176065 -0.0002403807 -0.0004192398 0.0001778563 -0.0007165669 -0.0003758242 -0.0002375936 0.0001214022 0.0008969672 0.0005507908 0.0007882455 -0.0000619193 -0.0002747105  
-0.0003510031 0.0015086225 -0.0002631374 -0.0009726286 -0.0011919625 0.0006570228 0.0006423410 0.0000012922 -0.0001674096 0.0001802679 -0.0000359492 -0.0001813575 0.0000046945 0.0014163606 0.0012707735 -0.0000619193 0.0010638656 -0.0000892819  
-0.0007090863 0.0033683320 -0.0009701003 0.0012659756 -0.0010737804 -0.0005056447 -0.0004192463 0.0007465475 0.0000812199 0.0000424027 0.0002636773 0.0002752768 -0.0012014518 -0.0013308865 -0.0003794184 -0.0002747105 -0.0000892819 0.0009716360  
0.0032146799 0.0029248951 -0.0004652477 -0.0002773382 0.0006831837 0.0002896205 -0.0007874096 0.0008388487 0.0013343008 -0.0011947829 -0.0004197153 0.0005305829 0.0009692989 -0.0009378722 0.0004963581 -0.0003351112 0.0003116841 0.0002546693  
0.0029248951 0.0118856858 -0.0012129584 0.0002506883 -0.0020648426 0.0014464018 -0.0011163104 0.0069874857 0.0023642145 -0.0028585193 -0.0009055244 0.0017306476 0.0011190396 -0.0033634214 0.0013076920 -0.0006962425 0.0013879142 0.0016563598  
-0.0004652477 -0.0012129584 0.0010476422 -0.0001544394 -0.0000429077 -0.0001280587 -0.0001728561 -0.0008848172 -0.0007127499 0.0009567739 0.0006916379 -0.0002789721 0.0000412987 0.0001558477 -0.0007499337 0.0002839694 -0.0000811044 -0.0001032127  
-0.0002773382 0.0002506883 -0.0001544394 0.0006773139 0.0000640920 -0.0001660376 -0.0002099069 0.0001729822 0.0002191740 -0.0005800626 -0.0003834998 0.0000784658 -0.0013253213 -0.0004934689 0.0003967147 -0.0000477981 -0.0000819817 -0.0000047068  
0.0006831837 -0.0020648426 -0.0000429077 0.0000640920 0.0014560688 -0.0002123918 -0.0002575255 -0.0010548235 0.0002348134 -0.0003915190 -0.0005898229 -0.0004960443 -0.0001985181 -0.0000642468 0.0000998933 -0.0000052976 -0.0003171757 -0.0005181649  
0.0002896205 0.0014464018 -0.0001280587 -0.0001660376 -0.0002123918 0.0005250772 -0.0000518691 0.0013868893 0.0002940377 -0.0002996251 -0.0001656045 0.0000819149 0.0009680877 -0.0004622125 -0.0000376970 -0.0000734892 0.0002116053 0.0001578330  
-0.0007874096 -0.0011163104 -0.0001728561 -0.0002099069 -0.0002575255 -0.0000518691 0.0008915121 -0.0004417678 -0.0005635440 0.0007941617 0.0003417174 -0.0000608378 0.0009026463 0.0009926800 -0.0000994120 0.0000643048 -0.0001449712 -0.0000524195  
0.0008388487 0.0069874857 -0.0008848172 0.0001729822 -0.0010548235 0.0013868893 -0.0004417678 0.0065541461 0.0013989617 -0.0015113260 -0.0008153579 0.0006028351 0.0033085363 -0.0023642085 0.0004682660 -0.0003115185 0.0007480835 0.0008509829  
0.0013343008 0.0023642145 -0.0007127499 0.0002191740 0.0002348134 0.0002940377 -0.0005635440 0.0013989617 0.0014244537 -0.0016417374 -0.0009709434 0.0002481076 -0.0003160772 -0.0008407815 0.0007576535 -0.0003370326 0.0002374717 0.0001959154  
-0.0011947829 -0.0028585193 0.0009567739 -0.0005800626 -0.0003915190 -0.0002996251 0.0007941617 -0.0015113260 -0.0016417374 0.0029171140 0.0019855556 -0.0001164292 0.0028084644 0.0018485228 -0.0014148784 0.0004982811 -0.0003222196 -0.0000800299  
-0.0004197153 -0.0009055244 0.0006916379 -0.0003834998 -0.0005898229 -0.0001656045 0.0003417174 -0.0008153579 -0.0009709434 0.0019855556 0.0017240126 0.0003152485 0.0022128602 0.0013779523 -0.0010624531 0.0003167430 -0.0000895363 0.0001869644  
0.0005305829 0.0017306476 -0.0002789721 0.0000784658 -0.0004960443 0.0000819149 -0.0000608378 0.0006028351 0.0002481076 -0.0001164292 0.0003152485 0.0007093456 0.0004311361 0.0000663073 0.0002097823 -0.0001108879 0.0001648278 0.0003534218  
0.0009692989 0.0011190396 0.0000412987 -0.0013253213 -0.0001985181 0.0009680877 0.0009026463 0.0033085363 -0.0003160772 0.0028084644 0.0022128602 0.0004311361 0.0124732755 0.0030258836 -0.0020177083 0.0003015357 -0.0000980046 0.0006658658  
-0.0009378722 -0.0033634214 0.0001558477 -0.0004934689 -0.0000642468 -0.0004622125 0.0009926800 -0.0023642085 -0.0008407815 0.0018485228 0.0013779523 0.0000663073 0.0030258836 0.0048413270 -0.0008448991 0.0002799829 -0.0004577807 0.0000932979  
0.0004963581 0.0013076920 -0.0007499337 0.0003967147 0.0000998933 -0.0000376970 -0.0000994120 0.0004682660 0.0007576535 -0.0014148784 -0.0010624531 0.0002097823 -0.0020177083 -0.0008448991 0.0015184567 -0.0002447525 0.0001020999 0.0000227648  
-0.0003351112 -0.0006962425 0.0002839694 -0.0000477981 -0.0000052976 -0.0000734892 0.0000643048 -0.0003115185 -0.0003370326 0.0004982811 0.0003167430 -0.0001108879 0.0003015357 0.0002799829 -0.0002447525 0.0001757589 -0.0000821567 -0.0000511817  
0.0003116841 0.0013879142 -0.0000811044 -0.0000819817 -0.0003171757 0.0002116053 -0.0001449712 0.0007480835 0.0002374717 -0.0003222196 -0.0000895363 0.0001648278 -0.0000980046 -0.0004577807 0.0001020999 -0.0000821567 0.0002871091 0.0001510196  
0.0002546693 0.0016563598 -0.0001032127 -0.0000047068 -0.0005181649 0.0001578330 -0.0000524195 0.0008509829 0.0001959154 -0.0000800299 0.0001869644 0.0003534218 0.0006658658 0.0000932979 0.0000227648 -0.0000511817 0.0001510196 0.0004140918  
0.0010204054 0.0000316987 0.0003148557 -0.0001432292 0.0003063335 -0.0017971456 0.0021713153 0.0004666859 0.0002259885 0.0003682467 -0.0009002792 0.0005891122 0.0002265699 -0.0005095062 0.0012908137 -0.0004418739 -0.0001122885 -0.0000079300  
0.0000316987 0.0009232916 -0.0000191821 0.0015861278 0.0003359957 -0.0005461230 -0.0001936258 0.0000869658 0.0002775253 0.0001100128 -0.0000340005 -0.0000186536 -0.0005888061 -0.0020091893 0.0003383697 0.0001386498 -0.0002411660 0.0001196436  
0.0003148557 -0.0000191821 0.0016356134 -0.0000462910 0.0000337229 -0.0004956431 0.0010665238 0.0002406213 0.0003249523 -0.0003049692 0.0001498964 0.0002416132 0.0004173673 -0.0002244997 -0.0010959348 -0.0001894644 -0.0000412683 -0.0000318471  
-0.0001432292 0.0015861278 -0.0000462910 0.0038295613 0.0005951616 -0.0002867961 -0.0009096043 -0.0002020534 0.0005522324 0.0001694029 -0.0001669045 0.0000530304 -0.0024773287 -0.0037164045 0.0006861014 0.0002824807 -0.0005631998 0.0002586479  
0.0003063335 0.0003359957 0.0000337229 0.0005951616 0.0010107252 -0.0006685441 0.0005884934 0.0005150794 0.0003052816 -0.0001168911 -0.0004007311 0.0001360572 0.0016659467 -0.0030450939 0.0006002246 0.0000244358 -0.0002079132 -0.0002745021  
-0.0017971456 -0.0005461230 -0.0004956431 -0.0002867961 -0.0006685441 0.0069967508 -0.0046930774 -0.0014504507 -0.0005183705 0.0009131228 -0.0000496682 0.0000185872 0.0001193779 0.0017665186 0.0012283306 0.0000033781 0.0002700460 -0.0000552144  
0.0021713153 -0.0001936258 0.0010665238 -0.0009096043 0.0005884934 -0.0046930774 0.0065470094 0.0011760076 0.0004546727 -0.0001335122 -0.0007174925 0.0005870864 0.0008262590 -0.0004661601 0.0003538914 -0.0005282946 -0.0000670981 -0.0000748353  
0.0004666859 0.0000869658 0.0002406213 -0.0002020534 0.0005150794 -0.0014504507 0.0011760076 0.0007038981 0.0000289141 -0.0000154455 0.0001326335 0.0000175547 0.0013513061 -0.0014910742 -0.0002997069 -0.0000537667 -0.0001098037 -0.0001030296  
0.0002259885 0.0002775253 0.0003249523 0.0005522324 0.0003052816 -0.0005183705 0.0004546727 0.0000289141 0.0008164730 -0.0002503438 -0.0002876064 0.0002824099 0.0007249075 -0.0006603337 -0.0000054510 -0.0001087993 -0.0001394592 -0.0000422908  
0.0003682467 0.0001100128 -0.0003049692 0.0001694029 -0.0001168911 0.0009131228 -0.0001335122 -0.0000154455 -0.0002503438 0.0027467629 -0.0012106892 0.0005234711 -0.0006429389 -0.0001954592 0.0043072574 -0.0004980178 -0.0002096529 0.0003255279  
-0.0009002792 -0.0000340005 0.0001498964 -0.0001669045 -0.0004007311 -0.0000496682 -0.0007174925 0.0001326335 -0.0002876064 -0.0012106892 0.0032551311 -0.0015206786 0.0002990150 0.0008513053 -0.0053600186 0.0009704053 0.0001034912 0.0001811932  
0.0005891122 -0.0000186536 0.0002416132 0.0000530304 0.0001360572 0.0000185872 0.0005870864 0.0000175547 0.0002824099 0.0005234711 -0.0015206786 0.0012602783 0.0001150894 -0.0001480823 0.0021440640 -0.0008396064 -0.0001141373 -0.0000438146  
0.0002265699 -0.0005888061 0.0004173673 -0.0024773287 0.0016659467 0.0001193779 0.0008262590 0.0013513061 0.0007249075 -0.0006429389 0.0002990150 0.0001150894 0.0311468168 0.0104943292 -0.0011535371 -0.0005885553 -0.0003444787 0.0001543883  
-0.0005095062 -0.0020091893 -0.0002244997 -0.0037164045 -0.0030450939 0.0017665186 -0.0004661601 -0.0014910742 -0.0006603337 -0.0001954592 0.0008513053 -0.0001480823 0.0104943292 0.0264074206 -0.0027250769 -0.0006084902 0.0001976955 0.0019957410  
0.0012908137 0.0003383697 -0.0010959348 0.0006861014 0.0006002246 0.0012283306 0.0003538914 -0.0002997069 -0.0000054510 0.0043072574 -0.0053600186 0.0021440640 -0.0011535371 -0.0027250769 0.0164698083 -0.0004572140 -0.0000948174 -0.0001285944  
-0.0004418739 0.0001386498 -0.0001894644 0.0002824807 0.0000244358 0.0000033781 -0.0005282946 -0.0000537667 -0.0001087993 -0.0004980178 0.0009704053 -0.0008396064 -0.0005885553 -0.0006084902 -0.0004572140 0.0011126503 0.0000687663 0.0000016850  
-0.0001122885 -0.0002411660 -0.0000412683 -0.0005631998 -0.0002079132 0.0002700460 -0.0000670981 -0.0001098037 -0.0001394592 -0.0002096529 0.0001034912 -0.0001141373 -0.0003444787 0.0001976955 -0.0000948174 0.0000687663 0.0003785221 -0.0002568839  
-0.0000079300 0.0001196436 -0.0000318471 0.0002586479 -0.0002745021 -0.0000552144 -0.0000748353 -0.0001030296 -0.0000422908 0.0003255279 0.0001811932 -0.0000438146 0.0001543883 0.0019957410 -0.0001285944 0.0000016850 -0.0002568839 0.0004903488  
0.0086632302 0.0034706569 0.0018280033 -0.0002870577 0.0037939577 0.0023750133 -0.0017825830 0.0034071561 0.0021761373 -0.0014064643 -0.0004776616 0.0023859627 -0.0007985001 -0.0000727267 0.0003062212 0.0002796738 0.0000207849 0.0001652740  
0.0034706569 0.0027554094 0.0007684989 -0.0002850598 0.0011773819 0.0009228134 -0.0011682884 0.0017713534 0.0013814123 -0.0009821857 -0.0005165410 0.0012474094 -0.0031944238 -0.0017257477 0.0005708482 -0.0000616544 0.0003927692 -0.0000244942  
0.0018280033 0.0007684989 0.0016766489 0.0000168124 0.0006614740 0.0007231494 -0.0003611761 0.0005058747 0.0000361374 -0.0001964225 0.0000190495 0.0006191391 -0.0009794860 -0.0006296928 -0.0001217239 0.0002802736 0.0001275291 0.0000016592  
-0.0002870577 -0.0002850598 0.0000168124 0.0017935062 -0.0002479522 0.0001981798 0.0004779734 -0.0000700045 -0.0007559913 0.0001859297 0.0009539676 0.0006324321 -0.0002418610 -0.0002992922 -0.0000398511 0.0000519241 -0.0001695682 0.0000227763  
0.0037939577 0.0011773819 0.0006614740 -0.0002479522 0.0046199717 0.0025531106 -0.0009027034 0.0046101092 0.0015950464 -0.0015400749 -0.0016811045 0.0006750771 0.0038880836 0.0003395348 -0.0001691207 0.0003524938 -0.0004572102 -0.0002356175  
0.0023750133 0.0009228134 0.0007231494 0.0001981798 0.0025531106 0.0021513338 -0.0002161542 0.0029974792 0.0006365349 -0.0007543502 -0.0005870770 0.0006962310 0.0018462886 -0.0004990466 -0.0002921809 0.0002064619 -0.0001785007 -0.0001685944  
-0.0017825830 -0.0011682884 -0.0003611761 0.0004779734 -0.0009027034 -0.0002161542 0.0011412683 -0.0007232431 -0.0010945204 0.0007529092 0.0005650426 -0.0004459845 0.0009291732 0.0000470987 -0.0002878500 -0.0000796068 -0.0000908748 -0.0000582502  
0.0034071561 0.0017713534 0.0005058747 -0.0000700045 0.0046101092 0.0029974792 -0.0007232431 0.0056899368 0.0016556927 -0.0016092577 -0.0017037292 0.0009021391 0.0030985197 -0.0010012228 -0.0001374537 0.0002266826 -0.0003077247 -0.0004083181  
0.0021761373 0.0013814123 0.0000361374 -0.0007559913 0.0015950464 0.0006365349 -0.0010945204 0.0016556927 0.0019820435 -0.0011444269 -0.0011030046 0.0004337258 -0.0003288948 0.0000294056 0.0004950155 -0.0000291942 0.0000156080 -0.0000577911  
-0.0014064643 -0.0009821857 -0.0001964225 0.0001859297 -0.0015400749 -0.0007543502 0.0007529092 -0.0016092577 -0.0011444269 0.0012255689 0.0011162840 -0.0003182628 0.0002790009 0.0005593561 -0.0004320103 0.0000132329 0.0000157064 0.0001509880  
-0.0004776616 -0.0005165410 0.0000190495 0.0009539676 -0.0016811045 -0.0005870770 0.0005650426 -0.0017037292 -0.0011030046 0.0011162840 0.0017800481 0.0003828917 -0.0007560008 0.0003609029 -0.0004063520 0.0000553167 0.0000241411 0.0002540564  
0.0023859627 0.0012474094 0.0006191391 0.0006324321 0.0006750771 0.0006962310 -0.0004459845 0.0009021391 0.0004337258 -0.0003182628 0.0003828917 0.0013310355 -0.0015072287 -0.0006053006 0.0002677002 0.0000143448 0.0000774082 0.0000432559  
-0.0007985001 -0.0031944238 -0.0009794860 -0.0002418610 0.0038880836 0.0018462886 0.0009291732 0.0030985197 -0.0003288948 0.0002790009 -0.0007560008 -0.0015072287 0.0132233203 0.0049100523 -0.0017604912 0.0006609886 -0.0013649935 0.0000223054  
-0.0000727267 -0.0017257477 -0.0006296928 -0.0002992922 0.0003395348 -0.0004990466 0.0000470987 -0.0010012228 0.0000294056 0.0005593561 0.0003609029 -0.0006053006 0.0049100523 0.0050534905 -0.0003076489 0.0003347058 -0.0005473065 0.0004611271  
0.0003062212 0.0005708482 -0.0001217239 -0.0000398511 -0.0001691207 -0.0002921809 -0.0002878500 -0.0001374537 0.0004950155 -0.0004320103 -0.0004063520 0.0002677002 -0.0017604912 -0.0003076489 0.0011391701 -0.0001270613 0.0002056146 -0.0000810060  
0.0002796738 -0.0000616544 0.0002802736 0.0000519241 0.0003524938 0.0002064619 -0.0000796068 0.0002266826 -0.0000291942 0.0000132329 0.0000553167 0.0000143448 0.0006609886 0.0003347058 -0.0001270613 0.0002058227 -0.0000662071 0.0000326274  
0.0000207849 0.0003927692 0.0001275291 -0.0001695682 -0.0004572102 -0.0001785007 -0.0000908748 -0.0003077247 0.0000156080 0.0000157064 0.0000241411 0.0000774082 -0.0013649935 -0.0005473065 0.0002056146 -0.0000662071 0.0002476612 -0.0000255024  
0.0001652740 -0.0000244942 0.0000016592 0.0000227763 -0.0002356175 -0.0001685944 -0.0000582502 -0.0004083181 -0.0000577911 0.0001509880 0.0002540564 0.0000432559 0.0000223054 0.0004611271 -0.0000810060 0.0000326274 -0.0000255024 0.0001717764  
0.0307427101 0.0170967731 -0.0451719804 0.0012351745 0.0174682272 0.0050810613 0.0017413555 -0.0048690382 0.0013743145 0.0005735817 0.0044457033 0.0028155855 0.0264274234 -0.0065527183 0.0208459283 -0.0065232322 -0.0032493020 0.0030135984  
0.0170967731 0.0282924687 -0.0032749539 0.0008652505 0.0098266312 0.0017086292 -0.0039458221 0.0119838297 0.0059588148 -0.0013500977 0.0002457733 0.0022379524 0.0321111909 -0.0149284236 0.0042119384 -0.0031194765 -0.0005619133 0.0034323602  
-0.0451719804 -0.0032749539 0.1751887969 0.0198236887 -0.0288965570 -0.0319170718 -0.0250114096 0.0204873837 0.0014458125 -0.0001423579 -0.0092102952 -0.0045805429 -0.0231207713 -0.0256864860 -0.1048913720 0.0116673704 0.0065020411 -0.0064485639  
0.0012351745 0.0008652505 0.0198236887 0.0239728154 0.0003554040 -0.0102573006 -0.0066443946 -0.0062669820 -0.0001068945 0.0043386785 0.0010298136 0.0034043658 -0.0175194583 -0.0005923080 0.0079238055 0.0003391788 -0.0027359860 0.0004028473  
0.0174682272 0.0098266312 -0.0288965570 0.0003554040 0.0122773655 0.0043479483 0.0016554646 -0.0005816413 0.0024937277 -0.0001900464 0.0027223791 0.0014504654 0.0208929086 -0.0061519826 0.0111700759 -0.0035071421 -0.0020447029 0.0010434016  
0.0050810613 0.0017086292 -0.0319170718 -0.0102573006 0.0043479483 0.0106933305 0.0070838699 0.0022768064 0.0001759317 -0.0019753841 0.0002702718 -0.0003540292 0.0096772062 0.0039599772 0.0148633306 -0.0014326973 0.0003176142 0.0007449822  
0.0017413555 -0.0039458221 -0.0250114096 -0.0066443946 0.0016554646 0.0070838699 0.0062327582 -0.0024951476 -0.0019115999 -0.0003218324 0.0010389220 -0.0003597312 0.0011964977 0.0064018754 0.0115917727 -0.0008243595 -0.0001255567 0.0003339785  
-0.0048690382 0.0119838297 0.0204873837 -0.0062669820 -0.0005816413 0.0022768064 -0.0024951476 0.0193739226 0.0048181280 -0.0037401389 -0.0050860578 -0.0017579489 0.0168411205 -0.0084911997 -0.0110713810 0.0018503273 0.0027138915 -0.0004884896  
0.0013743145 0.0059588148 0.0014458125 -0.0001068945 0.0024937277 0.0001759317 -0.0019115999 0.0048181280 0.0083886619 -0.0013156272 -0.0007785423 0.0004781463 0.0070287788 -0.0063700779 0.0030074284 0.0000724687 -0.0000681726 -0.0000580862  
0.0005735817 -0.0013500977 -0.0001423579 0.0043386785 -0.0001900464 -0.0019753841 -0.0003218324 -0.0037401389 -0.0013156272 0.0036784831 0.0021187360 0.0006547046 -0.0008735041 0.0030275842 0.0056925868 -0.0005366477 -0.0014367219 0.0008995677  
0.0044457033 0.0002457733 -0.0092102952 0.0010298136 0.0027223791 0.0002702718 0.0010389220 -0.0050860578 -0.0007785423 0.0021187360 0.0060470978 0.0012761007 0.0117925663 -0.0030652881 -0.0067309240 -0.0014835023 -0.0014879558 0.0006294589  
0.0028155855 0.0022379524 -0.0045805429 0.0034043658 0.0014504654 -0.0003540292 -0.0003597312 -0.0017579489 0.0004781463 0.0006547046 0.0012761007 0.0019595610 -0.0007057049 0.0004903320 0.0080311508 -0.0005977541 -0.0008244612 0.0008117529  
0.0264274234 0.0321111909 -0.0231207713 -0.0175194583 0.0208929086 0.0096772062 0.0011964977 0.0168411205 0.0070287788 -0.0008735041 0.0117925663 -0.0007057049 0.1054241199 -0.0311716943 -0.0413326577 -0.0061513422 -0.0011114014 0.0019862749  
-0.0065527183 -0.0149284236 -0.0256864860 -0.0005923080 -0.0061519826 0.0039599772 0.0064018754 -0.0084911997 -0.0063700779 0.0030275842 -0.0030652881 0.0004903320 -0.0311716943 0.0367076075 0.0470401126 0.0000829698 -0.0005743496 0.0019453472  
0.0208459283 0.0042119384 -0.1048913720 0.0079238055 0.0111700759 0.0148633306 0.0115917727 -0.0110713810 0.0030074284 0.0056925868 -0.0067309240 0.0080311508 -0.0413326577 0.0470401126 0.1691934595 -0.0042343341 -0.0062720200 0.0087627485  
-0.0065232322 -0.0031194765 0.0116673704 0.0003391788 -0.0035071421 -0.0014326973 -0.0008243595 0.0018503273 0.0000724687 -0.0005366477 -0.0014835023 -0.0005977541 -0.0061513422 0.0000829698 -0.0042343341 0.0020318983 0.0009039713 -0.0009014047  
-0.0032493020 -0.0005619133 0.0065020411 -0.0027359860 -0.0020447029 0.0003176142 -0.0001255567 0.0027138915 -0.0000681726 -0.0014367219 -0.0014879558 -0.0008244612 -0.0011114014 -0.0005743496 -0.0062720200 0.0009039713 0.0014222248 -0.0008256147  
0.0030135984 0.0034323602 -0.0064485639 0.0004028473 0.0010434016 0.0007449822 0.0003339785 -0.0004884896 -0.0000580862 0.0008995677 0.0006294589 0.0008117529 0.0019862749 0.0019453472 0.0087627485 -0.0009014047 -0.0008256147 0.0016064267  
0.0014416162 0.0002187985 0.0001528998 -0.0002577997 0.0001493287 -0.0025117976 0.0026388728 0.0006599697 0.0001629714 0.0004616670 -0.0009004078 0.0006372715 0.0008941546 -0.0000262590 0.0019253698 -0.0007936201 -0.0001000974 0.0000611846  
0.0002187985 0.0034539266 -0.0000605641 0.0004517288 -0.0006139364 -0.0005694090 0.0004208181 0.0004385092 0.0000094894 0.0004466981 0.0003539355 -0.0001163202 0.0066913353 -0.0016553893 -0.0001872699 0.0000511151 0.0001559925 0.0008547631  
0.0001528998 -0.0000605641 0.0010350577 0.0000304808 -0.0000130394 -0.0004598887 0.0006677513 0.0002144186 0.0001143605 -0.0003826093 0.0003677099 0.0000003696 -0.0001777105 -0.0000544855 -0.0016297213 0.0000919622 -0.0000174521 -0.0000133832  
-0.0002577997 0.0004517288 0.0000304808 0.0020576661 0.0008398283 0.0000761420 -0.0009090173 -0.0000077968 0.0004562398 -0.0002730041 0.0001218012 -0.0001633932 -0.0014213706 -0.0035318556 -0.0002861778 0.0003977514 -0.0003399383 -0.0000519303  
0.0001493287 -0.0006139364 -0.0000130394 0.0008398283 0.0009042414 -0.0003778837 -0.0000446278 0.0001027358 0.0003478156 -0.0002687531 -0.0004452333 0.0001083476 -0.0023469071 -0.0024354138 0.0006602449 -0.0000257390 -0.0002247921 -0.0003653675  
-0.0025117976 -0.0005694090 -0.0004598887 0.0000761420 -0.0003778837 0.0071356382 -0.0061982298 -0.0018791105 -0.0005095940 0.0003943219 0.0002446692 -0.0006718100 -0.0013833444 0.0006717252 0.0000053037 0.0010180683 0.0002860909 -0.0002108545  
0.0026388728 0.0004208181 0.0006677513 -0.0009090173 -0.0000446278 -0.0061982298 0.0071487855 0.0017376635 0.0002706029 -0.0000624291 -0.0003575156 0.0008201926 0.0018717508 0.0006958318 0.0001792823 -0.0011824681 -0.0000897684 0.0002458214  
0.0006599697 0.0004385092 0.0002144186 -0.0000077968 0.0001027358 -0.0018791105 0.0017376635 0.0006891717 0.0000284021 0.0000893871 0.0001962186 0.0000987833 0.0006954068 -0.0009725336 -0.0003574689 -0.0002360084 -0.0000344861 0.0000756087  
0.0001629714 0.0000094894 0.0001143605 0.0004562398 0.0003478156 -0.0005095940 0.0002706029 0.0000284021 0.0006007905 -0.0004175540 -0.0003423590 0.0002194425 0.0001949188 -0.0005809597 0.0001375047 -0.0001273398 -0.0001277654 -0.0000787601  
0.0004616670 0.0004466981 -0.0003826093 -0.0002730041 -0.0002687531 0.0003943219 -0.0000624291 0.0000893871 -0.0004175540 0.0026971475 -0.0011353106 0.0004187781 0.0010423975 0.0000455501 0.0045861337 -0.0009021584 0.0000388443 0.0001585742  
-0.0009004078 0.0003539355 0.0003677099 0.0001218012 -0.0004452333 0.0002446692 -0.0003575156 0.0001962186 -0.0003423590 -0.0011353106 0.0036668185 -0.0015440169 0.0000774401 -0.0003210809 -0.0071196445 0.0015984798 0.0002162419 0.0001301240  
0.0006372715 -0.0001163202 0.0000003696 -0.0001633932 0.0001083476 -0.0006718100 0.0008201926 0.0000987833 0.0002194425 0.0004187781 -0.0015440169 0.0009935916 0.0003949630 0.0005630756 0.0027311115 -0.0009871245 -0.0001287774 0.0000005950  
0.0008941546 0.0066913353 -0.0001777105 -0.0014213706 -0.0023469071 -0.0013833444 0.0018717508 0.0006954068 0.0001949188 0.0010423975 0.0000774401 0.0003949630 0.0263901624 0.0067890514 0.0006788428 -0.0009987040 0.0008094491 0.0019290847  
-0.0000262590 -0.0016553893 -0.0000544855 -0.0035318556 -0.0024354138 0.0006717252 0.0006958318 -0.0009725336 -0.0005809597 0.0000455501 -0.0003210809 0.0005630756 0.0067890514 0.0184991031 0.0000939230 -0.0007185897 0.0004166179 0.0007281282  
0.0019253698 -0.0001872699 -0.0016297213 -0.0002861778 0.0006602449 0.0000053037 0.0001792823 -0.0003574689 0.0001375047 0.0045861337 -0.0071196445 0.0027311115 0.0006788428 0.0000939230 0.0203334084 -0.0029318078 -0.0002108399 -0.0001736903  
-0.0007936201 0.0000511151 0.0000919622 0.0003977514 -0.0000257390 0.0010180683 -0.0011824681 -0.0002360084 -0.0001273398 -0.0009021584 0.0015984798 -0.0009871245 -0.0009987040 -0.0007185897 -0.0029318078 0.0016702644 0.0001311513 -0.0000157468  
-0.0001000974 0.0001559925 -0.0000174521 -0.0003399383 -0.0002247921 0.0002860909 -0.0000897684 -0.0000344861 -0.0001277654 0.0000388443 0.0002162419 -0.0001287774 0.0008094491 0.0004166179 -0.0002108399 0.0001311513 0.0002215893 -0.0000214600  
0.0000611846 0.0008547631 -0.0000133832 -0.0000519303 -0.0003653675 -0.0002108545 0.0002458214 0.0000756087 -0.0000787601 0.0001585742 0.0001301240 0.0000005950 0.0019290847 0.0007281282 -0.0001736903 -0.0000157468 -0.0000214600 0.0004232672  
0.0504771847 0.0192624716 0.0065705975 0.0018305512 0.0020448503 -0.0028310503 -0.0103522852 0.0033189392 -0.0036908435 0.0030304152 0.0006599871 -0.0049719172 0.0192772737 -0.0128465041 -0.0009816072 -0.0006242723 0.0026670537 0.0000900195  
0.0192624716 0.0165154471 0.0130191342 -0.0037567169 0.0031955637 -0.0020661746 -0.0050556627 0.0018194570 0.0004566832 0.0041500181 -0.0000233731 -0.0044168048 0.0181074176 -0.0083688495 -0.0032025857 0.0010904773 0.0018708590 0.0010335401  
0.0065705975 0.0130191342 0.2396099406 -0.0621341772 -0.0206441244 -0.0283426571 -0.0383950008 0.0225582155 0.0418422840 0.0111632663 -0.0094739460 0.0025055201 0.0616209266 -0.0118346437 -0.0179606582 0.0269504355 0.0082032938 -0.0014390376  
0.0018305512 -0.0037567169 -0.0621341772 0.0284490635 0.0049215163 0.0038568767 0.0070993062 -0.0061033994 -0.0078090965 -0.0036831201 0.0013034425 -0.0019416078 -0.0299885597 -0.0026404226 0.0045788019 -0.0061477390 -0.0031385370 -0.0001017468  
0.0020448503 0.0031955637 -0.0206441244 0.0049215163 0.0084329888 0.0017171641 0.0025467451 -0.0007102778 -0.0074061770 0.0005590300 0.0005421468 -0.0011637388 0.0056943775 -0.0019972500 0.0020637627 -0.0028198000 -0.0012434303 0.0000279427  
-0.0028310503 -0.0020661746 -0.0283426571 0.0038568767 0.0017171641 0.0069273940 0.0072049906 -0.0032077253 -0.0059772778 -0.0016275843 0.0016844897 0.0005378791 -0.0050071618 0.0039061916 0.0010688301 -0.0034850444 -0.0005686747 0.0004052213  
-0.0103522852 -0.0050556627 -0.0383950008 0.0070993062 0.0025467451 0.0072049906 0.0095990792 -0.0044812003 -0.0066520638 -0.0022849988 0.0016137160 0.0005263366 -0.0105920264 0.0053862243 0.0019041187 -0.0044035686 -0.0014533842 0.0004458673  
0.0033189392 0.0018194570 0.0225582155 -0.0061033994 -0.0007102778 -0.0032077253 -0.0044812003 0.0039751684 -0.0007234358 0.0011655440 -0.0011461174 0.0010160626 0.0107451038 -0.0012737259 -0.0008435490 0.0022362484 0.0008751009 -0.0003799632  
-0.0036908435 0.0004566832 0.0418422840 -0.0078090965 -0.0074061770 -0.0059772778 -0.0066520638 -0.0007234358 0.0293960744 0.0035697632 0.0006057754 -0.0016571728 -0.0026914151 -0.0052758159 -0.0045579886 0.0063394440 0.0004420425 0.0001458609  
0.0030304152 0.0041500181 0.0111632663 -0.0036831201 0.0005590300 -0.0016275843 -0.0022849988 0.0011655440 0.0035697632 0.0040796116 0.0010950996 -0.0000844206 0.0105529971 -0.0021719779 -0.0007931069 0.0013296811 0.0003463090 0.0003337489  
0.0006599871 -0.0000233731 -0.0094739460 0.0013034425 0.0005421468 0.0016844897 0.0016137160 -0.0011461174 0.0006057754 0.0010950996 0.0020666615 0.0011424070 0.0001440910 0.0005535203 0.0012082231 -0.0009234731 -0.0003237930 0.0002290325  
-0.0049719172 -0.0044168048 0.0025055201 -0.0019416078 -0.0011637388 0.0005378791 0.0005263366 0.0010160626 -0.0016571728 -0.0000844206 0.0011424070 0.0046970275 -0.0004125223 0.0029636188 0.0025878974 0.0002449800 -0.0001838045 -0.0003443099  
0.0192772737 0.0181074176 0.0616209266 -0.0299885597 0.0056943775 -0.0050071618 -0.0105920264 0.0107451038 -0.0026914151 0.0105529971 0.0001440910 -0.0004125223 0.0727296846 -0.0031576337 -0.0029048608 0.0048124287 0.0034594962 0.0003758470  
-0.0128465041 -0.0083688495 -0.0118346437 -0.0026404226 -0.0019972500 0.0039061916 0.0053862243 -0.0012737259 -0.0052758159 -0.0021719779 0.0005535203 0.0029636188 -0.0031576337 0.0175348489 0.0013279410 -0.0018156937 -0.0003835944 0.0004653427  
-0.0009816072 -0.0032025857 -0.0179606582 0.0045788019 0.0020637627 0.0010688301 0.0019041187 -0.0008435490 -0.0045579886 -0.0007931069 0.0012082231 0.0025878974 -0.0029048608 0.0013279410 0.0123923045 -0.0005060017 -0.0004716143 -0.0005509796  
-0.0006242723 0.0010904773 0.0269504355 -0.0061477390 -0.0028198000 -0.0034850444 -0.0044035686 0.0022362484 0.0063394440 0.0013296811 -0.0009234731 0.0002449800 0.0048124287 -0.0018156937 -0.0005060017 0.0039623886 0.0008935459 -0.0001512186  
0.0026670537 0.0018708590 0.0082032938 -0.0031385370 -0.0012434303 -0.0005686747 -0.0014533842 0.0008751009 0.0004420425 0.0003463090 -0.0003237930 -0.0001838045 0.0034594962 -0.0003835944 -0.0004716143 0.0008935459 0.0010478625 -0.0001350136  
0.0000900195 0.0010335401 -0.0014390376 -0.0001017468 0.0000279427 0.0004052213 0.0004458673 -0.0003799632 0.0001458609 0.0003337489 0.0002290325 -0.0003443099 0.0003758470 0.0004653427 -0.0005509796 -0.0001512186 -0.0001350136 0.0004904938  
0.0088825864 -0.0115492510 -0.0039310629 0.0031655575 -0.0109120517 0.0041373267 0.0002418969 0.0069370225 0.0026417039 -0.0023489932 -0.0013623382 0.0008865094 -0.0030129232 0.0030118987 -0.0009042451 -0.0004779570 -0.0007353626 -0.0009179941  
-0.0115492510 0.0278650013 0.0082444900 -0.0068960137 0.0230811866 -0.0077719168 0.0003868278 -0.0122646443 -0.0044880262 0.0035608592 0.0008003594 -0.0050516270 0.0095681160 -0.0101311240 0.0024765307 0.0001851205 0.0014663858 0.0020346863  
-0.0039310629 0.0082444900 0.0061954903 -0.0038385896 0.0117479080 -0.0025860368 -0.0003956570 -0.0044360261 -0.0012213183 -0.0006255732 0.0002783211 -0.0015557096 0.0054361003 -0.0035279393 0.0001923244 0.0003846710 -0.0000810101 0.0001319542  
0.0031655575 -0.0068960137 -0.0038385896 0.0048672513 -0.0086994903 0.0014261741 -0.0001174876 0.0030343335 0.0017851771 -0.0002970074 -0.0011152692 -0.0004016919 -0.0053861563 0.0025550582 -0.0012315989 -0.0000439441 -0.0003108207 -0.0001767143  
-0.0109120517 0.0230811866 0.0117479080 -0.0086994903 0.0288001997 -0.0077639095 -0.0002933452 -0.0127883544 -0.0043567335 0.0005499767 0.0008458018 -0.0042049794 0.0120705152 -0.0095832409 0.0021419584 0.0003904889 0.0001194604 0.0008423508  
0.0041373267 -0.0077719168 -0.0025860368 0.0014261741 -0.0077639095 0.0034499255 0.0001608498 0.0046673303 0.0013171034 -0.0006537738 0.0002857604 0.0024655647 -0.0015440039 0.0031472715 -0.0005697404 -0.0001777073 -0.0002710996 -0.0003938260  
0.0002418969 0.0003868278 -0.0003956570 -0.0001174876 -0.0002933452 0.0001608498 0.0005168634 -0.0000358672 -0.0000251103 0.0001981641 -0.0000442729 -0.0000975177 0.0001951114 -0.0000890797 0.0002977911 -0.0001427633 0.0001184077 0.0000303534  
0.0069370225 -0.0122646443 -0.0044360261 0.0030343335 -0.0127883544 0.0046673303 -0.0000358672 0.0081014169 0.0021361422 -0.0008753861 -0.0000025077 0.0034634459 -0.0027206731 0.0045864371 -0.0007900609 -0.0002400590 -0.0005699685 -0.0005663435  
0.0026417039 -0.0044880262 -0.0012213183 0.0017851771 -0.0043567335 0.0013171034 -0.0000251103 0.0021361422 0.0017256919 -0.0013037275 -0.0010137229 -0.0007604093 -0.0014305645 0.0021453775 -0.0009792115 0.0000113086 -0.0002767103 -0.0003129429  
-0.0023489932 0.0035608592 -0.0006255732 -0.0002970074 0.0005499767 -0.0006537738 0.0001981641 -0.0008753861 -0.0013037275 0.0030055414 0.0015724352 0.0020152331 -0.0000226235 -0.0009182132 0.0008974200 0.0000021111 0.0004761440 0.0005800336  
-0.0013623382 0.0008003594 0.0002783211 -0.0011152692 0.0008458018 0.0002857604 -0.0000442729 -0.0000025077 -0.0010137229 0.0015724352 0.0018412422 0.0029771488 0.0002999469 -0.0003664148 0.0004433550 0.0000715452 0.0001113843 0.0001559114  
0.0008865094 -0.0050516270 -0.0015557096 -0.0004016919 -0.0042049794 0.0024655647 -0.0000975177 0.0034634459 -0.0007604093 0.0020152331 0.0029771488 0.0067740009 -0.0015803273 0.0012875036 0.0005554227 0.0000366461 -0.0001634568 -0.0001911344  
-0.0030129232 0.0095681160 0.0054361003 -0.0053861563 0.0120705152 -0.0015440039 0.0001951114 -0.0027206731 -0.0014305645 -0.0000226235 0.0002999469 -0.0015803273 0.0184577367 0.0009048761 0.0026134682 -0.0001342180 -0.0004845127 0.0010215468  
0.0030118987 -0.0101311240 -0.0035279393 0.0025550582 -0.0095832409 0.0031472715 -0.0000890797 0.0045864371 0.0021453775 -0.0009182132 -0.0003664148 0.0012875036 0.0009048761 0.0095770168 -0.0011616675 -0.0001411374 -0.0003366305 -0.0002614200  
-0.0009042451 0.0024765307 0.0001923244 -0.0012315989 0.0021419584 -0.0005697404 0.0002977911 -0.0007900609 -0.0009792115 0.0008974200 0.0004433550 0.0005554227 0.0026134682 -0.0011616675 0.0028597435 0.0001779994 -0.0000038677 0.0003214237  
-0.0004779570 0.0001851205 0.0003846710 -0.0000439441 0.0003904889 -0.0001777073 -0.0001427633 -0.0002400590 0.0000113086 0.0000021111 0.0000715452 0.0000366461 -0.0001342180 -0.0001411374 0.0001779994 0.0002946948 -0.0000590407 0.0000560161  
-0.0007353626 0.0014663858 -0.0000810101 -0.0003108207 0.0001194604 -0.0002710996 0.0001184077 -0.0005699685 -0.0002767103 0.0004761440 0.0001113843 -0.0001634568 -0.0004845127 -0.0003366305 -0.0000038677 -0.0000590407 0.0004819006 0.0000333074  
-0.0009179941 0.0020346863 0.0001319542 -0.0001767143 0.0008423508 -0.0003938260 0.0000303534 -0.0005663435 -0.0003129429 0.0005800336 0.0001559114 -0.0001911344 0.0010215468 -0.0002614200 0.0003214237 0.0000560161 0.0000333074 0.0004547635  
0.0015211794 0.0001682930 0.0002196303 -0.0003380982 -0.0000488700 -0.0023492981 0.0027338589 0.0004591288 0.0000573395 0.0004590146 -0.0006231332 0.0004918898 0.0003153165 -0.0000947574 0.0010259606 -0.0006753503 -0.0000427926 0.0000216002  
0.0001682930 0.0043444034 -0.0001072752 -0.0008725082 -0.0027537469 -0.0000018759 0.0005282788 -0.0003723737 -0.0007190442 0.0008791318 0.0000572694 0.0000521858 -0.0034048037 -0.0009570928 0.0004712780 -0.0006652696 0.0013347973 0.0005104727  
0.0002196303 -0.0001072752 0.0007757643 0.0000149884 0.0000436642 -0.0006545007 0.0007231601 0.0002486198 0.0000530274 -0.0002112513 0.0001799918 -0.0000430201 -0.0000260720 -0.0001715919 -0.0010277109 0.0001372221 -0.0000400316 0.0000056987  
-0.0003380982 -0.0008725082 0.0000149884 0.0022228090 0.0015856003 0.0003102073 -0.0014509980 0.0001628601 0.0004932296 0.0001057545 0.0001106264 -0.0001934766 0.0012957262 -0.0029411939 -0.0000226111 0.0004149463 -0.0007595680 -0.0001772504  
-0.0000488700 -0.0027537469 0.0000436642 0.0015856003 0.0025370441 -0.0001461679 -0.0007645799 0.0003962710 0.0007381310 -0.0004441557 -0.0002330764 -0.0000270978 0.0032083961 -0.0020235645 0.0000499850 0.0004438007 -0.0011130978 -0.0004520935  
-0.0023492981 -0.0000018759 -0.0006545007 0.0003102073 -0.0001461679 0.0062032483 -0.0063564969 -0.0015297557 -0.0002909322 0.0004726719 -0.0002917304 -0.0002374010 -0.0000836495 0.0005304087 0.0014656436 0.0000428699 0.0000736192 -0.0000341853  
0.0027338589 0.0005282788 0.0007231601 -0.0014509980 -0.0007645799 -0.0063564969 0.0078919175 0.0014526115 -0.0000198494 -0.0004277414 0.0003412405 0.0003802956 -0.0007067704 0.0012030727 -0.0015671414 -0.0002719848 0.0003856548 0.0001203551  
0.0004591288 -0.0003723737 0.0002486198 0.0001628601 0.0003962710 -0.0015297557 0.0014526115 0.0005822735 0.0000575989 -0.0001474838 0.0003948640 -0.0000936060 0.0007878379 -0.0008382352 -0.0008727157 0.0002012903 -0.0001349361 -0.0000971507  
0.0000573395 -0.0007190442 0.0000530274 0.0004932296 0.0007381310 -0.0002909322 -0.0000198494 0.0000575989 0.0006688340 -0.0003634236 -0.0003003097 0.0001318221 0.0006891914 -0.0007172680 -0.0000041521 -0.0000112359 -0.0003150114 -0.0001243248  
0.0004590146 0.0008791318 -0.0002112513 0.0001057545 -0.0004441557 0.0004726719 -0.0004277414 -0.0001474838 -0.0003634236 0.0025034265 -0.0011939802 0.0005951014 -0.0004548254 -0.0009894993 0.0039556066 -0.0014287007 -0.0000011244 0.0000683665  
-0.0006231332 0.0000572694 0.0001799918 0.0001106264 -0.0002330764 -0.0002917304 0.0003412405 0.0003948640 -0.0003003097 -0.0011939802 0.0031179607 -0.0014061410 0.0008937291 0.0002644825 -0.0050033364 0.0020719147 0.0003891414 -0.0001207069  
0.0004918898 0.0000521858 -0.0000430201 -0.0001934766 -0.0000270978 -0.0002374010 0.0003802956 -0.0000936060 0.0001318221 0.0005951014 -0.0014061410 0.0009012414 -0.0004875821 0.0002531782 0.0021177205 -0.0012018672 -0.0001975275 0.0001172892  
0.0003153165 -0.0034048037 -0.0000260720 0.0012957262 0.0032083961 -0.0000836495 -0.0007067704 0.0007878379 0.0006891914 -0.0004548254 0.0008937291 -0.0004875821 0.0153214414 0.0010798747 -0.0012298082 0.0011278665 -0.0013874151 -0.0004390562  
-0.0000947574 -0.0009570928 -0.0001715919 -0.0029411939 -0.0020235645 0.0005304087 0.0012030727 -0.0008382352 -0.0007172680 -0.0009894993 0.0002644825 0.0002531782 0.0010798747 0.0220215745 -0.0006015768 0.0003856370 -0.0001470541 0.0016477392  
0.0010259606 0.0004712780 -0.0010277109 -0.0000226111 0.0000499850 0.0014656436 -0.0015671414 -0.0008727157 -0.0000041521 0.0039556066 -0.0050033364 0.0021177205 -0.0012298082 -0.0006015768 0.0138184166 -0.0031785289 -0.0003551252 0.0000788289  
-0.0006753503 -0.0006652696 0.0001372221 0.0004149463 0.0004438007 0.0000428699 -0.0002719848 0.0002012903 -0.0000112359 -0.0014287007 0.0020719147 -0.0012018672 0.0011278665 0.0003856370 -0.0031785289 0.0025042825 0.0001245822 -0.0001637740  
-0.0000427926 0.0013347973 -0.0000400316 -0.0007595680 -0.0011130978 0.0000736192 0.0003856548 -0.0001349361 -0.0003150114 -0.0000011244 0.0003891414 -0.0001975275 -0.0013874151 -0.0001470541 -0.0003551252 0.0001245822 0.0008611573 -0.0000732920  
0.0000216002 0.0005104727 0.0000056987 -0.0001772504 -0.0004520935 -0.0000341853 0.0001203551 -0.0000971507 -0.0001243248 0.0000683665 -0.0001207069 0.0001172892 -0.0004390562 0.0016477392 0.0000788289 -0.0001637740 -0.0000732920 0.0004242739  
0.0069671351 -0.0007691834 0.0017627462 0.0011450388 -0.0043302458 -0.0006663872 -0.0005043743 -0.0002366024 0.0005972266 -0.0005965129 -0.0010737419 -0.0033564775 -0.0057382954 0.0000352941 -0.0031727634 0.0006857014 0.0005685831 -0.0000752403  
-0.0007691834 0.0151992871 0.0036749607 0.0014332854 0.0056702512 -0.0013650705 -0.0010193339 -0.0006144843 -0.0013859493 0.0031510123 0.0011206651 -0.0013613101 0.0068470903 -0.0060393770 0.0005589080 -0.0003216722 0.0002357246 0.0020865551  
0.0017627462 0.0036749607 0.0072817790 -0.0030849832 0.0024834427 0.0024956415 0.0016627515 0.0002433915 -0.0005271527 0.0017768099 0.0025180891 0.0009653367 0.0068176544 -0.0014433764 -0.0019488297 0.0007327074 -0.0000769115 0.0007728624  
0.0011450388 0.0014332854 -0.0030849832 0.0239501128 -0.0061669351 -0.0022542711 -0.0003723508 -0.0031433247 0.0051391249 0.0010814704 -0.0043761134 -0.0061258687 -0.0237064462 -0.0064891045 0.0001208956 0.0010792156 -0.0015937455 0.0009633476  
-0.0043302458 0.0056702512 0.0024834427 -0.0061669351 0.0150111649 0.0012362148 0.0008347471 0.0012797222 -0.0032852535 0.0003247214 0.0019711923 0.0037583415 0.0216696555 -0.0022885210 0.0041041020 -0.0011734680 -0.0015068189 0.0001286742  
-0.0006663872 -0.0013650705 0.0024956415 -0.0022542711 0.0012362148 0.0064777576 0.0041445856 -0.0001279402 0.0003830234 0.0000077434 0.0016011025 0.0024771614 0.0046001767 0.0002784771 0.0004447880 -0.0000428108 0.0000134905 -0.0002448138  
-0.0005043743 -0.0010193339 0.0016627515 -0.0003723508 0.0008347471 0.0041445856 0.0032489617 -0.0005024415 0.0009666877 -0.0001033967 0.0006895203 0.0012989523 0.0028895603 0.0009780843 0.0004639399 -0.0001867875 -0.0002671595 -0.0000593441  
-0.0002366024 -0.0006144843 0.0002433915 -0.0031433247 0.0012797222 -0.0001279402 -0.0005024415 0.0013549443 -0.0013147445 -0.0001592342 0.0007358784 0.0012075438 0.0053482982 0.0007930890 0.0001320456 0.0001121022 -0.0000293284 -0.0001397962  
0.0005972266 -0.0013859493 -0.0005271527 0.0051391249 -0.0032852535 0.0003830234 0.0009666877 -0.0013147445 0.0030917785 -0.0003605265 -0.0014161080 -0.0017203396 -0.0071256187 0.0002544376 -0.0000827590 0.0000648740 -0.0002815516 0.0000860731  
-0.0005965129 0.0031510123 0.0017768099 0.0010814704 0.0003247214 0.0000077434 -0.0001033967 -0.0001592342 -0.0003605265 0.0029285796 0.0019298496 0.0005692153 0.0013780904 -0.0013391907 -0.0007655264 0.0006433377 0.0000201892 0.0007998889  
-0.0010737419 0.0011206651 0.0025180891 -0.0043761134 0.0019711923 0.0016011025 0.0006895203 0.0007358784 -0.0014161080 0.0019298496 0.0033852361 0.0029923886 0.0074232714 0.0008053162 -0.0009247347 0.0003528849 0.0001343879 0.0003692917  
-0.0033564775 -0.0013613101 0.0009653367 -0.0061258687 0.0037583415 0.0024771614 0.0012989523 0.0012075438 -0.0017203396 0.0005692153 0.0029923886 0.0054058019 0.0090373269 0.0019507814 0.0015199293 -0.0001099924 -0.0002499797 -0.0001436720  
-0.0057382954 0.0068470903 0.0068176544 -0.0237064462 0.0216696555 0.0046001767 0.0028895603 0.0053482982 -0.0071256187 0.0013780904 0.0074232714 0.0090373269 0.0690204362 0.0120024010 0.0030993026 -0.0027116615 -0.0012188008 0.0004997456  
0.0000352941 -0.0060393770 -0.0014433764 -0.0064891045 -0.0022885210 0.0002784771 0.0009780843 0.0007930890 0.0002544376 -0.0013391907 0.0008053162 0.0019507814 0.0120024010 0.0207804367 -0.0008203496 -0.0015642364 0.0007153323 -0.0004662551  
-0.0031727634 0.0005589080 -0.0019488297 0.0001208956 0.0041041020 0.0004447880 0.0004639399 0.0001320456 -0.0000827590 -0.0007655264 -0.0009247347 0.0015199293 0.0030993026 -0.0008203496 0.0140556198 0.0012720334 -0.0006339727 -0.0000521936  
0.0006857014 -0.0003216722 0.0007327074 0.0010792156 -0.0011734680 -0.0000428108 -0.0001867875 0.0001121022 0.0000648740 0.0006433377 0.0003528849 -0.0001099924 -0.0027116615 -0.0015642364 0.0012720334 0.0013412418 0.0000339844 0.0001251270  
0.0005685831 0.0002357246 -0.0000769115 -0.0015937455 -0.0015068189 0.0000134905 -0.0002671595 -0.0000293284 -0.0002815516 0.0000201892 0.0001343879 -0.0002499797 -0.0012188008 0.0007153323 -0.0006339727 0.0000339844 0.0010608602 -0.0003631231  
-0.0000752403 0.0020865551 0.0007728624 0.0009633476 0.0001286742 -0.0002448138 -0.0000593441 -0.0001397962 0.0000860731 0.0007998889 0.0003692917 -0.0001436720 0.0004997456 -0.0004662551 -0.0000521936 0.0001251270 -0.0003631231 0.0007889166  
0.0008823562 -0.0000774271 0.0002277665 -0.0000764558 0.0001960605 -0.0015005840 0.0020553399 0.0001972812 0.0001480184 0.0002541541 -0.0005202667 0.0003493580 -0.0002152495 -0.0003112236 0.0009594765 -0.0001445932 0.0000525987 -0.0001368849  
-0.0000774271 0.0034996278 -0.0002067801 0.0002247178 -0.0008887761 0.0000990316 -0.0001349189 0.0002921455 -0.0001030361 0.0006753352 0.0002554016 -0.0000305663 0.0062151571 -0.0009211459 0.0003328623 -0.0000047383 -0.0000544698 0.0009385306  
0.0002277665 -0.0002067801 0.0005740560 -0.0001727995 0.0000245108 -0.0008362070 0.0009535190 0.0001883007 0.0000736153 -0.0003633372 0.0002352276 -0.0000818115 -0.0001466452 0.0002187409 -0.0008055510 0.0001981212 0.0000450197 -0.0000491428  
-0.0000764558 0.0002247178 -0.0001727995 0.0011795989 0.0003652099 0.0000642775 -0.0005931576 -0.0001161796 0.0002765365 -0.0000083398 -0.0002970095 0.0001628031 -0.0008642243 -0.0013240178 0.0005312540 -0.0000498910 -0.0001537642 -0.0001055985  
0.0001960605 -0.0008887761 0.0000245108 0.0003652099 0.0005530068 -0.0004415226 0.0003830030 -0.0000315747 0.0002179667 -0.0002308710 -0.0003760367 0.0001811094 -0.0020796846 -0.0010833549 0.0004058680 -0.0000426189 0.0000238861 -0.0004719252  
-0.0015005840 0.0000990316 -0.0008362070 0.0000642775 -0.0004415226 0.0052225117 -0.0061192673 -0.0010488726 -0.0004823688 0.0009130102 -0.0003054154 -0.0000927910 0.0002982309 0.0005547810 0.0007265332 -0.0006963216 -0.0001450878 0.0002144793  
0.0020553399 -0.0001349189 0.0009535190 -0.0005931576 0.0003830030 -0.0061192673 0.0081210999 0.0012570038 0.0004331958 -0.0004475208 -0.0000742121 0.0003652058 0.0001010107 -0.0003622063 0.0001711482 0.0005046797 0.0002654134 -0.0002493860  
0.0001972812 0.0002921455 0.0001883007 -0.0001161796 -0.0000315747 -0.0010488726 0.0012570038 0.0004201775 -0.0000529030 -0.0000061001 0.0005021391 -0.0001724934 0.0005629839 -0.0005204104 -0.0005495353 0.0002290948 0.0001268930 -0.0000808764  
0.0001480184 -0.0001030361 0.0000736153 0.0002765365 0.0002179667 -0.0004823688 0.0004331958 -0.0000529030 0.0003670449 -0.0004558247 -0.0003345475 0.0002084162 -0.0003482479 -0.0003749153 0.0000639834 0.0000060225 -0.0000711474 -0.0000355950  
0.0002541541 0.0006753352 -0.0003633372 -0.0000083398 -0.0002308710 0.0009130102 -0.0004475208 -0.0000061001 -0.0004558247 0.0028482646 -0.0010341355 0.0004506798 0.0006919195 -0.0004328005 0.0037305174 -0.0009511019 0.0001245705 -0.0000709534  
-0.0005202667 0.0002554016 0.0002352276 -0.0002970095 -0.0003760367 -0.0003054154 -0.0000742121 0.0005021391 -0.0003345475 -0.0010341355 0.0027129262 -0.0012801012 0.0008225065 0.0005325354 -0.0042750156 0.0011412588 0.0001822891 0.0000555626  
0.0003493580 -0.0000305663 -0.0000818115 0.0001628031 0.0001811094 -0.0000927910 0.0003652058 -0.0001724934 0.0002084162 0.0004506798 -0.0012801012 0.0008099148 -0.0001781475 -0.0001527010 0.0018692369 -0.0007169817 -0.0001235422 0.0000183134  
-0.0002152495 0.0062151571 -0.0001466452 -0.0008642243 -0.0020796846 0.0002982309 0.0001010107 0.0005629839 -0.0003482479 0.0006919195 0.0008225065 -0.0001781475 0.0161519157 0.0026361342 -0.0007541995 0.0000722205 -0.0002540134 0.0024542282  
-0.0003112236 -0.0009211459 0.0002187409 -0.0013240178 -0.0010833549 0.0005547810 -0.0003622063 -0.0005204104 -0.0003749153 -0.0004328005 0.0005325354 -0.0001527010 0.0026361342 0.0232887889 -0.0017728521 0.0001881252 -0.0011665204 0.0031441865  
0.0009594765 0.0003328623 -0.0008055510 0.0005312540 0.0004058680 0.0007265332 0.0001711482 -0.0005495353 0.0000639834 0.0037305174 -0.0042750156 0.0018692369 -0.0007541995 -0.0017728521 0.0103589526 -0.0016192469 -0.0000155100 -0.0002652267  
-0.0001445932 -0.0000047383 0.0001981212 -0.0000498910 -0.0000426189 -0.0006963216 0.0005046797 0.0002290948 0.0000060225 -0.0009511019 0.0011412588 -0.0007169817 0.0000722205 0.0001881252 -0.0016192469 0.0010880129 0.0000741850 0.0000315690  
0.0000525987 -0.0000544698 0.0000450197 -0.0001537642 0.0000238861 -0.0001450878 0.0002654134 0.0001268930 -0.0000711474 0.0001245705 0.0001822891 -0.0001235422 -0.0002540134 -0.0011665204 -0.0000155100 0.0000741850 0.0003011601 -0.0003672412  
-0.0001368849 0.0009385306 -0.0000491428 -0.0001055985 -0.0004719252 0.0002144793 -0.0002493860 -0.0000808764 -0.0000355950 -0.0000709534 0.0000555626 0.0000183134 0.0024542282 0.0031441865 -0.0002652267 0.0000315690 -0.0003672412 0.0009906284  
0.0010547044 0.0000813019 0.0003653709 0.0000785194 0.0001944600 -0.0014787348 0.0024488765 0.0003846269 0.0002191273 0.0002348222 -0.0005108790 0.0006614087 0.0000269394 -0.0007077870 0.0004029657 -0.0003973974 -0.0000185865 -0.0000955921  
0.0000813019 0.0003841343 0.0000518576 0.0004404293 0.0002120491 -0.0002074740 0.0001122854 0.0000891486 0.0001617795 -0.0001440915 -0.0001142334 0.0001369886 -0.0005659469 -0.0010702851 -0.0000107131 -0.0000518100 0.0000750920 -0.0001102601  
0.0003653709 0.0000518576 0.0008949099 0.0001810870 0.0000297859 -0.0010305203 0.0017430757 0.0004109056 0.0001946510 -0.0005567242 0.0005332878 0.0001823275 -0.0000969601 0.0003347764 -0.0017338759 0.0000751428 -0.0000251527 0.0000397333  
0.0000785194 0.0004404293 0.0001810870 0.0015579497 0.0002315368 -0.0005602798 0.0001444538 -0.0001538487 0.0004142337 -0.0007476617 -0.0002871462 0.0003275731 -0.0020596002 -0.0006069695 -0.0004657542 0.0000523574 -0.0004259323 0.0003408984  
0.0001944600 0.0002120491 0.0000297859 0.0002315368 0.0005529197 -0.0002910934 0.0003097088 0.0002205370 0.0002904318 -0.0002983211 -0.0003509454 0.0002872866 0.0004379019 -0.0011227765 0.0002403987 -0.0001300340 0.0001803541 -0.0002808866  
-0.0014787348 -0.0002074740 -0.0010305203 -0.0005602798 -0.0002910934 0.0042245810 -0.0057118706 -0.0011190264 -0.0005683623 0.0010180529 -0.0005286319 -0.0007074345 0.0006349764 0.0005318833 0.0022317685 -0.0000794373 0.0001667182 -0.0000722216  
0.0024488765 0.0001122854 0.0017430757 0.0001444538 0.0003097088 -0.0057118706 0.0093774559 0.0018335018 0.0006660601 -0.0008408747 0.0007604625 0.0013302502 0.0001570803 -0.0003812684 -0.0030092136 -0.0002101404 -0.0000293040 -0.0000763611  
0.0003846269 0.0000891486 0.0004109056 -0.0001538487 0.0002205370 -0.0011190264 0.0018335018 0.0006194204 0.0000953855 -0.0002568493 0.0004873318 0.0001344882 0.0008012584 -0.0006879815 -0.0010488670 0.0000090120 0.0002135767 -0.0002551416  
0.0002191273 0.0001617795 0.0001946510 0.0004142337 0.0002904318 -0.0005683623 0.0006660601 0.0000953855 0.0004899271 -0.0005298871 -0.0002271960 0.0003137016 -0.0005055917 -0.0005201535 -0.0003020886 -0.0000415785 -0.0000476754 -0.0000061138  
0.0002348222 -0.0001440915 -0.0005567242 -0.0007476617 -0.0002983211 0.0010180529 -0.0008408747 -0.0002568493 -0.0005298871 0.0025217564 -0.0013860825 0.0002535303 0.0013247593 -0.0012026333 0.0037796145 -0.0008498424 0.0000932069 -0.0002244857  
-0.0005108790 -0.0001142334 0.0005332878 -0.0002871462 -0.0003509454 -0.0005286319 0.0007604625 0.0004873318 -0.0002271960 -0.0013860825 0.0029013539 -0.0010853030 0.0005916644 0.0004966397 -0.0047062983 0.0011038388 0.0001350256 0.0000089355  
0.0006614087 0.0001369886 0.0001823275 0.0003275731 0.0002872866 -0.0007074345 0.0013302502 0.0001344882 0.0003137016 0.0002535303 -0.0010853030 0.0009283913 -0.0004888997 -0.0003886565 0.0012365431 -0.0005966617 -0.0001089991 0.0000045179  
0.0000269394 -0.0005659469 -0.0000969601 -0.0020596002 0.0004379019 0.0006349764 0.0001570803 0.0008012584 -0.0005055917 0.0013247593 0.0005916644 -0.0004888997 0.0080426667 0.0000085657 0.0006119565 -0.0001941781 0.0009533406 -0.0010255603  
-0.0007077870 -0.0010702851 0.0003347764 -0.0006069695 -0.0011227765 0.0005318833 -0.0003812684 -0.0006879815 -0.0005201535 -0.0012026333 0.0004966397 -0.0003886565 0.0000085657 0.0227837545 -0.0017434066 0.0007248497 -0.0007909196 0.0022973099  
0.0004029657 -0.0000107131 -0.0017338759 -0.0004657542 0.0002403987 0.0022317685 -0.0030092136 -0.0010488670 -0.0003020886 0.0037796145 -0.0047062983 0.0012365431 0.0006119565 -0.0017434066 0.0120359468 -0.0011219189 0.0001948030 -0.0003726804  
-0.0003973974 -0.0000518100 0.0000751428 0.0000523574 -0.0001300340 -0.0000794373 -0.0002101404 0.0000090120 -0.0000415785 -0.0008498424 0.0011038388 -0.0005966617 -0.0001941781 0.0007248497 -0.0011219189 0.0009572500 -0.0000155792 0.0001532030  
-0.0000185865 0.0000750920 -0.0000251527 -0.0004259323 0.0001803541 0.0001667182 -0.0000293040 0.0002135767 -0.0000476754 0.0000932069 0.0001350256 -0.0001089991 0.0009533406 -0.0007909196 0.0001948030 -0.0000155792 0.0005731771 -0.0005376402  
-0.0000955921 -0.0001102601 0.0000397333 0.0003408984 -0.0002808866 -0.0000722216 -0.0000763611 -0.0002551416 -0.0000061138 -0.0002244857 0.0000089355 0.0000045179 -0.0010255603 0.0022973099 -0.0003726804 0.0001532030 -0.0005376402 0.0006889733  
0.0406770526 0.0045106059 -0.0002056927 0.0005394523 0.0086972888 -0.0060596041 0.0011882781 -0.0060706311 -0.0010379985 0.0037360244 0.0023476518 0.0002362749 0.0064543362 -0.0059052131 -0.0006938541 -0.0018489882 -0.0007316258 -0.0006591825  
0.0045106059 0.0552877312 0.0147522457 0.0794006631 0.0131583681 -0.0052658625 -0.0060325328 0.0054742393 -0.0075389826 0.0017184111 0.0016502808 0.0005822560 -0.0129078593 -0.0579808912 0.0039262856 0.0060697496 -0.0094948116 0.0110804349  
-0.0002056927 0.0147522457 0.2214459232 0.0343597969 -0.0046423150 0.0368722951 0.0205632360 0.0138485678 -0.0226022427 -0.0036973917 -0.0074340378 -0.0080366522 0.0218138135 -0.0143535808 -0.0707285579 0.0200576235 0.0007011735 0.0004358881  
0.0005394523 0.0794006631 0.0343597969 0.1988966628 0.0325137686 0.0121936951 0.0138288282 -0.0030697245 -0.0226983231 -0.0043929017 -0.0005818151 0.0054006175 -0.0894816504 -0.1164776539 0.0100694354 0.0040328326 -0.0266216154 0.0179917492  
0.0086972888 0.0131583681 -0.0046423150 0.0325137686 0.0138757363 0.0011907595 0.0035967357 0.0000306349 -0.0060616551 -0.0004123643 -0.0002156425 0.0010113093 0.0018865322 -0.0226057172 0.0082043526 -0.0001002888 -0.0053808161 0.0019488979  
-0.0060596041 -0.0052658625 0.0368722951 0.0121936951 0.0011907595 0.0982362425 0.0684417477 -0.0168265973 -0.0013913993 -0.0019974029 -0.0002968257 -0.0022287764 0.0078262846 0.0184484576 0.0038466958 -0.0074303821 0.0035095678 -0.0015388693  
0.0011882781 -0.0060325328 0.0205632360 0.0138288282 0.0035967357 0.0684417477 0.0548475132 -0.0141676916 -0.0012148078 0.0000712395 -0.0007191841 -0.0028122913 -0.0015630059 0.0132063643 0.0059912787 -0.0067836300 0.0016903117 -0.0017716095  
-0.0060706311 0.0054742393 0.0138485678 -0.0030697245 0.0000306349 -0.0168265973 -0.0141676916 0.0152691761 -0.0138603362 -0.0026812043 -0.0004882545 0.0012433758 0.0203372929 -0.0030532827 -0.0131569068 0.0043496405 0.0005101684 0.0004091667  
-0.0010379985 -0.0075389826 -0.0226022427 -0.0226983231 -0.0060616551 -0.0013913993 -0.0012148078 -0.0138603362 0.0737548697 0.0174015313 0.0132106628 0.0000263470 -0.0040330740 -0.0065276536 0.0087757447 -0.0025005578 -0.0018818069 -0.0002633501  
0.0037360244 0.0017184111 -0.0036973917 -0.0043929017 -0.0004123643 -0.0019974029 0.0000712395 -0.0026812043 0.0174015313 0.0119680050 0.0004378343 -0.0054787210 0.0052292515 0.0013161848 0.0131383868 0.0032129925 -0.0008099332 0.0013444882  
0.0023476518 0.0016502808 -0.0074340378 -0.0005818151 -0.0002156425 -0.0002968257 -0.0007191841 -0.0004882545 0.0132106628 0.0004378343 0.0106710709 0.0066961476 0.0033334018 -0.0055915464 -0.0108388398 -0.0030806704 -0.0015792558 0.0008738990  
0.0002362749 0.0005822560 -0.0080366522 0.0054006175 0.0010113093 -0.0022287764 -0.0028122913 0.0012433758 0.0000263470 -0.0054787210 0.0066961476 0.0131798899 -0.0028321125 -0.0033076841 -0.0026902674 -0.0052292864 -0.0010028119 -0.0001368258  
0.0064543362 -0.0129078593 0.0218138135 -0.0894816504 0.0018865322 0.0078262846 -0.0015630059 0.0203372929 -0.0040330740 0.0052292515 0.0033334018 -0.0028321125 0.2580010033 0.0899855815 -0.0141141366 0.0024922207 0.0207582266 -0.0123240570  
-0.0059052131 -0.0579808912 -0.0143535808 -0.1164776539 -0.0226057172 0.0184484576 0.0132063643 -0.0030532827 -0.0065276536 0.0013161848 -0.0055915464 -0.0033076841 0.0899855815 0.1867043932 0.0109909537 -0.0063254737 0.0256283741 -0.0128561755  
-0.0006938541 0.0039262856 -0.0707285579 0.0100694354 0.0082043526 0.0038466958 0.0059912787 -0.0131569068 0.0087757447 0.0131383868 -0.0108388398 -0.0026902674 -0.0141141366 0.0109909537 0.2230980880 0.0334656881 0.0033044501 0.0010080631  
-0.0018489882 0.0060697496 0.0200576235 0.0040328326 -0.0001002888 -0.0074303821 -0.0067836300 0.0043496405 -0.0025005578 0.0032129925 -0.0030806704 -0.0052292864 0.0024922207 -0.0063254737 0.0334656881 0.0199434958 0.0001424902 0.0019246373  
-0.0007316258 -0.0094948116 0.0007011735 -0.0266216154 -0.0053808161 0.0035095678 0.0016903117 0.0005101684 -0.0018818069 -0.0008099332 -0.0015792558 -0.0010028119 0.0207582266 0.0256283741 0.0033044501 0.0001424902 0.0094398745 -0.0061668117  
-0.0006591825 0.0110804349 0.0004358881 0.0179917492 0.0019488979 -0.0015388693 -0.0017716095 0.0004091667 -0.0002633501 0.0013444882 0.0008738990 -0.0001368258 -0.0123240570 -0.0128561755 0.0010080631 0.0019246373 -0.0061668117 0.0061417178  
