-0.4994544273 -0.0290341896 -0.4460540381 0.5245853022 -0.0274585136 0.6515917089 0.3546492431 -0.0298624365 -0.2585062752 0.3772596061 0.4766596243 -0.0080744928 0.0244027455 -0.0400160771 -0.0271591122  
-0.2259515599 0.0399092270 -0.0804527487 0.0111870947 -0.1698181161 -0.2319401059 -0.0490668584 0.1869428105 0.0384392286 0.0760767954 0.8305419953 0.0593563483 -0.1336394093 0.1045271996 -0.0809940372  
0.0343113708 0.0012523065 -0.0257654502 0.0655515959 0.0078457460 -0.0344872263 -0.0276482673 -0.0027716933 0.0405230979 -0.0597125149 1.6942596485 -0.0373477245 0.0127082161 -0.0036432189 0.0077958769  
0.0722524918 -0.0298086626 0.0377774276 0.0029856702 0.0252135895 0.0850512724 -0.0276433886 -0.0412917108 0.0275591413 0.0415412277 1.3731133322 -0.0081238283 0.0213439819 -0.0266384011 -0.0045236560  
-0.1384931595 -0.0339236283 -0.0291131128 0.0127178937 0.0707327667 -0.1806560146 0.1041155859 -0.0150025722 -0.0473976341 -0.0657873810 0.1952752052 0.0287202678 0.1358055073 -0.0007779512 0.1161995801  
-0.0720936724 -0.0003800292 0.0251074746 -0.0185016955 -0.0038038031 0.0543414875 -0.0193003147 0.0028479829 0.0049697435 -0.0355580637 -1.0453158149 0.0160664139 -0.0978657984 0.0260172694 0.0065167321  
0.0279692069 0.0041243983 0.0332361776 -0.0199123958 -0.0213413186 -0.0291800795 0.0436695849 0.0133747840 -0.0330755632 0.0293577902 -0.7236842134 0.0124604987 0.0857946420 -0.0232163661 -0.0149921302  
-0.0978017774 -0.0513650805 0.1807982867 -0.0309234750 -0.0363977755 0.1173629433 -0.0235113241 0.0031251802 0.0617924891 -0.0390373933 0.4116586376 0.0162124709 0.0095709325 -0.0178525544 0.0176171110  
-0.0457829734 -0.0044251368 0.0002671470 -0.0168208894 0.0026864567 -0.0076673406 -0.0163251567 -0.0030851437 0.0255944912 -0.0016107088 -0.7023152882 0.0197670858 0.0320539504 -0.0044517158 0.0137733025  
0.0509441877 -0.0342753137 0.0119283832 -0.0037090981 -0.0071970355 0.0001423018 0.0271562105 0.0056123262 0.0103547393 0.0422611090 -0.5548509326 0.0040039701 -0.0381812482 -0.0226191790 0.0074253192  
0.0313002727 -0.0206286256 -0.0336474639 -0.0065443845 -0.0043703216 0.0191123509 0.0267559311 0.0043328901 0.0205238913 -0.0007812786 0.4985898424 0.0018578573 -0.0385802241 -0.0048282961 0.0081670548  
-0.0084424416 0.0181312558 -0.0422919840 -0.0732134760 0.0006698405 0.0448075928 0.0039894545 0.0079913288 0.0058754610 -0.0531774190 -0.3742825813 -0.0082163985 0.0205994998 0.0092483693 0.0036682672  
-0.2049416422 -0.3812993045 0.0878032302 -0.0184101629 -0.1581002047 -0.0907797579 0.1948461355 0.2187560700 0.0563339845 -0.0483234655 -0.4276957084 0.0775719154 0.0587941843 0.0155707181 0.2638879208  
0.0175829603 0.0321942738 -0.0520196781 -0.0391495729 0.1111291160 0.0235491135 0.0641365199 -0.0736722015 0.0328697108 0.0324997649 -3.8864914778 -0.0587144324 -0.0480123602 -0.0310017974 -0.0090389554  
0.0293788509 -0.0063010383 -0.0006781382 -0.0277631578 -0.0010838497 -0.0156534851 0.0488920438 0.0077980829 -0.0399671772 0.0186053667 -6.0916898486 0.0098569030 0.0494940578 -0.0106209376 0.0020035286  
-0.0040054444 -0.0084974529 -0.0028255264 0.0155883361 0.0108610156 0.0032885664 -0.0163525304 -0.0011230332 0.0092949088 -0.0008470202 0.0135840094 -0.0085578713 0.0069055881 0.0020401434 0.0005907612  
-0.0134449031 0.0255267959 -0.0095689008 0.0007833027 -0.0520205995 -0.0207208299 -0.0283699351 0.0243987245 0.0041150648 0.0147022749 -0.3034492310 0.0007371316 -0.0199074240 0.0161205403 -0.0146456094  
-0.0179193461 0.0037484408 -0.0179932551 -0.0104154662 -0.0069764560 -0.0238814064 -0.0046826387 0.0338901053 0.0115274940 0.0180747787 0.0553171946 0.0012948233 -0.0474499129 0.0176429942 -0.0357813608  
