0.0928339965 -0.1315205237 0.0147338059 0.0338955974 0.4165720209 -0.4627515939 0.1871422062 -0.1040694259 -0.1235904612 0.0209631901 0.0039383097 0.5255553640  
-0.4699793057 0.1598311281 -0.0009865923 -0.0014947525 -0.0019818245 0.0185904471 0.0061333896 -0.0068949404 0.0018786093 -0.0011483651 -0.0017923995 0.0156556783  
-0.0019907852 -0.0116059862 -0.0051690961 0.0132347752 -0.5794594916 -0.0629354455 0.1276194921 0.1928778795 -0.1245186920 -0.0110499264 -0.0031987476 -0.5797918858  
-0.0882189700 0.2781752473 0.1077317191 -0.0686160876 0.0237020310 0.0054517964 0.0109877296 -0.0017587072 -0.2901404528 0.0309385511 0.0204404698 -0.0060855909  
0.0050593501 -0.0033788842 -0.2580213650 -0.0194994740 0.0013705176 -0.0084889079 0.0251320616 -0.0078721499 0.0398884561 0.0126528959 -0.0721193255 0.0110687852  
-0.0079069509 0.0256461084 0.0085153482 0.0083324519 -0.0357812005 -0.0463231263 0.0010021000 0.0965184833 0.0234397893 0.0498290753 -0.1322107537 0.7099785334  
0.0166859129 0.0721435840 -0.0288449865 0.0027440275 0.1406290452 0.6541190013 -0.0052989021 0.0032113142 0.1820731212 0.0544536032 -0.0988242480 -0.1192839782  
0.1421782507 0.0026138202 0.0196760696 0.1819294053 0.0662978909 -0.1728508190 -0.0771389712 0.0769636717 0.0819414331 0.0312403293 0.1678010784 -0.0012853768  
-0.7742297331 0.1111701107 0.0334333005 -0.0294735286 0.1048078423 -0.0100551641 -0.3805936210 -0.1855636104 0.0979826590 0.0043798945 0.3405445013 -0.1354446142  
0.2294277015 0.3326007179 -0.3946778412 0.0687319600 -0.0412773085 0.3366682547 -0.1591229200 0.4809443725 0.2080973066 -0.2279261138 0.0317140899 -0.0094636164  
-0.0900315534 -0.0150626102 -0.1255266146 0.0350440361 0.0168272991 -0.0225808879 -0.1020965056 -0.0397436110 -0.0634851937 -0.1487887873 -0.0269427211 0.3960704706  
-0.0349508217 0.0135403201 0.0656731807 0.0224793853 0.1480018680 -0.0140957867 0.3925923455 -0.0422362964 -0.0491064781 0.1222345341 0.0491085574 0.1148056609  
0.0473240613 -0.0086222541 0.0148660280 0.0501487138 -0.3333968235 -0.0408816781 -0.0814034227 -0.0186577791 -0.1250111223 -0.0532240515 0.6802503143 -0.1384493042  
0.0067968382 -0.5622367994 -0.0635246823 -0.0108129650 -0.0572887053 0.0453522030 -0.0313991888 -0.0151380812 -0.5551683955 -0.0505121813 0.0286171468 -0.0867232380  
0.0845596184 -0.0167181239 0.0348107081 -0.0077582157 0.0540444454 -0.0379542647 -0.2508882036 -0.0410748335 -0.0640292525 -0.0191113291 -0.0937111328 -0.1364266683  
0.4812438582 -0.1135089822 -0.1137348232 -0.1175241232 0.0467150047 0.1340244737 0.0513977747 0.3128918838 0.5946115520 -0.0311517865 -0.0774854199 0.0585925880  
-0.0086429495 0.1919919181 0.3916506824 0.4240478949 0.0042448138 0.0455059495 -0.1639877496 0.0769783358 0.1007231162 0.1755647781 0.0511670603 0.0267464477  
-0.1189040163 0.0674764813 -0.1314982041 -0.0571018391 0.1343590791 -0.0160861202 0.0542154105 -0.0260733228 -0.1069420359 0.1439455924 0.0749416692 0.1538214603  
-0.0411722757 0.0619495724 -0.1179946158 0.1141893433 -0.0188724949 0.1752199862 0.0088351688 -0.0997103459 0.0210238667 -0.1547985806 -0.2191415193 -0.5806659207  
-0.0194179907 0.0714976507 -0.0104879136 0.2061475898 -0.0122620007 0.6206573723 -0.4088390550 -0.0168066772 0.0207989360 0.0515856852 0.2525406676 -0.1449888468  
-0.0216122627 -0.4416372960 0.0651480733 0.0464605060 0.1778935115 -0.0671536768 0.2375845501 -0.1182135234 0.0236303721 -0.3729428802 -0.1322231883 -0.2655990800  
-0.0730076953 -0.0998127716 0.0072511088 -0.3219294375 -0.1105997607 -0.1679747254 -0.0611845916 0.2129320593 -0.2769680778 -0.0393298251 0.0502336844 0.0188720587  
0.3071926438 -0.0523987002 -0.0474581202 -0.2523410050 0.0075579617 -0.0074802616 0.0936116081 -0.1514903554 0.1035602516 -0.1830357699 -0.0064724592 0.4732625352  
-0.0680366321 0.1827023210 -0.0887469987 -0.2020463182 -0.0015168265 0.5074394733 -0.1139590127 0.3124456980 0.0060441536 0.0299817573 0.1246516260 -0.0230236806  
-0.0366721675 -0.0409166628 0.1050554008 -0.3009659056 0.0976880243 0.1362250746 -0.0631893864 0.0110043230 -0.2152125917 -0.0767342714 0.3094271344 -0.2343694577  
0.0013455671 -0.2867728404 0.0306672899 0.3654868710 -0.0265143591 0.0520159489 -0.0010403679 -0.2736107537 0.0342017142 0.5874157516 0.0508093347 -0.0189714101  
